2.839417317540624116e-04 -1.619029880338567254e-05 1.200918806637907589e-05
5.597929257386643652e-04 -3.785248292422213270e-05 4.200658403960447033e-05
6.436907485144603052e-04 -5.705740824627199910e-05 8.907587234930253216e-05
5.438494698359132339e-04 -7.560931489323244803e-05 1.711807912162075938e-04
2.504621627216703549e-04 -9.506685784613371523e-05 3.197192401392974373e-04
-2.652606297305933189e-04 -1.168053433023450246e-04 5.915601067146479498e-04
-1.053913667110090114e-03 -1.419669361236237297e-04 1.090846305159661345e-03
-2.192857714200047506e-03 -1.712313967011948573e-04 2.008925478828462070e-03
-3.793804329368596646e-03 -2.042652439352952997e-04 3.697714085797066449e-03
-6.013767481021182679e-03 -2.385824598042682960e-04 6.804624995846277405e-03
-9.070454266233329149e-03 -2.673228921471285384e-04 1.252079098593444385e-02
-1.326360032279363249e-02 -2.750476735191330411e-04 2.303775434747869916e-02
-1.777087419515153283e-02 -7.393607529664112223e-04 4.150176479920158340e-02
-2.303496615970648462e-02 -1.796082235521080563e-03 7.499199339174957013e-02
-3.080634743754484539e-02 -3.253086638826221608e-03 1.372347465295385427e-01
-4.044370981251264180e-02 -1.462780589538000518e-02 1.332753538668611237e-01
-5.290885355174149152e-02 -3.977707926141991340e-02 6.159524983946097071e-02
-4.892788771049880192e-02 -3.576421807761857863e-02 -6.846430503930267444e-04
-5.366656757856122506e-02 -9.619361961550207396e-03 -2.068583500848888285e-02
-2.368564940341200825e-02 4.775722744665314434e-02 8.936058715494001048e-03
3.758307975855671237e-03 1.217350858829515520e-01 4.198032731199794615e-02
3.139349286857245902e-02 2.103968189576729542e-01 6.354321585112343573e-02
5.104184162725504403e-02 2.137481311957090957e-01 5.102842043088935686e-02
6.461524791070605289e-02 1.605354611856110725e-01 2.720933439720323033e-02
8.446581911093141437e-02 1.629051718920522251e-01 1.381551004630984965e-02
3.834148152350913552e-02 4.311643908227865557e-02 -2.522755534555438332e-03
9.658689072785985041e-02 3.281449671149492403e-02 -2.165400357233205481e-02
7.530276328504055539e-02 3.247595634283799437e-02 -2.681035053863007819e-02
6.148377796792080935e-02 4.356896953403497502e-02 -4.225651814599463985e-02
5.380084613742291272e-02 6.975088306630525259e-02 -7.391568380127150339e-02
5.153883238655117272e-02 1.199179407060984720e-01 -1.339272244121847977e-01
1.658553435086579722e-02 5.433035474917102120e-02 -7.559782508864905382e-02
4.181568656455225685e-02 1.102915090996883923e-01 -1.935995912998073332e-01
3.079624186215669870e-02 4.654586190669676715e-02 -1.289733696403967955e-01
2.297036367966927631e-02 -1.364100353183309239e-03 -1.138111442119126848e-01
1.118781573705246836e-03 -1.982579575535694128e-03 -7.790254530495626523e-03
1.472396961622741973e-02 -2.802189285287124895e-02 -9.116319339307014935e-02
9.303895917629164888e-03 -1.396551141342619248e-02 -4.967539293463690137e-02
5.025029018087658408e-03 -5.118067049730552591e-03 -2.724776785357759315e-02
1.460978035386483603e-03 1.553022242172439477e-03 -1.528109058002603653e-02
-1.739362682122022434e-03 8.338489279868641427e-03 -9.186949584503638008e-03
-4.886920117470835469e-03 1.757709083183526394e-02 -6.628513314974414546e-03
-8.282052586844943984e-03 3.246290326904385792e-02 -6.624568157917423879e-03
-1.030375609753826464e-02 1.997261453023650712e-02 4.523120559924099430e-04
-1.922493840991560191e-02 1.138493242909040422e-02 6.213480199545247037e-03
-1.782345434242387991e-02 7.146362646545725665e-03 2.469375194207517037e-03
-1.792642027902905874e-02 4.950087303041158723e-03 -3.398930812509003965e-04
-1.954032788284057812e-02 4.076140544462509598e-03 -3.291151239386637221e-03
-2.282079475234764787e-02 4.263456592426914486e-03 -7.515674985643808724e-03
-2.808700963816336202e-02 5.623697212252233568e-03 -1.463291458213579130e-02
-3.154966333720009286e-02 5.888220285891066462e-03 -1.601622284038343308e-02
-3.081275118946848537e-02 4.208574814279083046e-03 -6.863284186077316627e-03
-3.010616681230060890e-02 2.791257482924765828e-03 4.980444536753138134e-03
-3.209442114650587485e-02 2.130045856233449275e-03 1.872396593211834645e-02
-3.697101028697162561e-02 2.068300704082377817e-03 3.963700390871655738e-02
-4.521274294592880078e-02 2.665085331664859836e-03 7.573817861578359401e-02
-5.762606071245954947e-02 4.223453940325452328e-03 1.408693743094796558e-01
-4.385225113167973143e-02 -1.330331410729947844e-02 1.453357952990174951e-01
-6.764925498637749945e-02 -3.564966149720945332e-02 1.936442661155170220e-01
-5.402205674895217691e-02 -2.031535745259495027e-02 1.004023946473207585e-01
-4.543819590965582356e-02 -1.197939963420074916e-02 4.564671732696312656e-02
-4.106687699068893582e-02 -7.643052238125608647e-03 8.382718572047599334e-03
-4.048590672835568338e-02 -5.705400373109390834e-03 -2.567763920550142701e-02
-3.359494445296114934e-02 -7.110564908546258833e-03 -3.325346031600168867e-02
-1.972449030548708432e-02 -1.242671107303798018e-02 -1.724999551275049892e-02
-7.569439860213540011e-03 -2.180069556153197211e-02 -7.872504222620787043e-03
4.050671818797322958e-03 -3.844193017862768819e-02 -1.526053517837954896e-03
1.625512054509483176e-02 -6.809993995920417265e-02 4.222162079748023079e-03
3.020486575122294584e-02 -1.210503464251274641e-01 1.157558010205814343e-02
4.720411158226658216e-02 -2.156470666499241684e-01 2.335308853981259841e-02
3.951588891732173842e-02 -2.117118803850265296e-01 1.242521928779448566e-02
6.482115422533275828e-02 -3.000281176936075433e-01 5.834919462204023362e-03
4.833290750869440044e-02 -1.683387879853426028e-01 2.952305704740250218e-03
3.654158639475744291e-02 -9.448557570237244019e-02 1.185561676753401706e-03
2.820296219542947277e-02 -5.305988102358501213e-02 -1.432709662019418344e-04
2.245002418296871555e-02 -2.982838971535219444e-02 -1.544251613805539556e-03
1.869095833674503174e-02 -1.682441235421669110e-02 -3.555101673652926592e-03
1.654157323998304077e-02 -9.601914494779864237e-03 -6.947371641104266825e-03
1.578225472521928990e-02 -5.704372016584991281e-03 -1.302226019650330052e-02
1.633337506331999922e-02 -3.820054396329734467e-03 -2.410950462444065578e-02
1.824569114100079922e-02 -3.332350358513381291e-03 -4.446061919778845212e-02
2.170417112552139663e-02 -4.110154316606579039e-03 -8.187896604812427981e-02
2.704522713685519192e-02 -6.466246037904743726e-03 -1.507116313542575803e-01
2.258262267967258222e-03 -7.718030704331819611e-05 -1.683882259030049233e-02
2.634030011553966169e-02 5.033292336191898080e-03 -1.589586424474513371e-01
1.990088412164604109e-02 3.016308798800919604e-03 -8.637014120813869822e-02
1.516641712910513431e-02 1.922315438363460943e-03 -4.691832254704385308e-02
1.167422712892672576e-02 1.335491948854161757e-03 -2.547669107466909652e-02
9.082833468698906301e-03 1.025562955402157389e-03 -1.382401001240161388e-02
7.138741809965980234e-03 8.655582602720504354e-04 -7.492209038627082110e-03
5.651742489146656737e-03 7.860051815906645908e-04 -4.053287707466845559e-03
4.476345436514745854e-03 7.495394899219984990e-04 -2.188400056785553757e-03
3.497562075394966812e-03 7.370305861157372797e-04 -1.182197924687241773e-03
2.619657710472630442e-03 7.403329375136330362e-04 -6.485604680456116648e-04
1.756781856603322140e-03 7.590974858504779318e-04 -3.825520582602576539e-04
8.245644252887344202e-04 8.005051232903204108e-04 -2.818482687464178766e-04
-2.681406864607135672e-04 8.818155599031358852e-04 -3.075039476524221238e-04
-1.628167855319243192e-03 1.036618578653619597e-03 -4.690212602166636134e-04
-3.388472561723786421e-03 1.326975377442128753e-03 -8.279928235437411738e-04
-5.721092171147866383e-03 1.865696555816950862e-03 -1.521716896388234036e-03
-8.853878266464951588e-03 2.856533777960804359e-03 -2.815838662130631335e-03
-1.309259277467349561e-02 4.666286815629636271e-03 -5.206200743018780421e-03
-1.885044818690514296e-02 7.953901563447498060e-03 -9.608953549968081431e-03
-2.668783379366372263e-02 1.390138349315158187e-02 -1.771181507510332861e-02
-3.736584698325226550e-02 2.462660594116631782e-02 -3.262115614217568627e-02
-5.191838518267791885e-02 4.392103903697009565e-02 -6.005300891752366615e-02
-7.175887153622660664e-02 7.846643516387695472e-02 -1.083587551538863492e-01
-7.760223136345950623e-02 5.353666555885279454e-02 -5.560798882428754503e-02
-1.411943363411305719e-01 3.579271926125999342e-02 1.956819484058974767e-02
-1.887667530601583599e-01 4.444576523732535894e-02 6.844300017409710168e-02
-2.277571784182967282e-02 6.804972251159752995e-03 1.251249189051001874e-02
-1.809013236222193066e-01 5.553677402832287585e-02 8.818909820260929788e-02
-1.117548999819417549e-01 4.292790472565435889e-02 4.045223786190053905e-02
-5.367168525320353822e-02 4.525976373338404940e-02 8.214017119280261556e-03
-9.271553793067110767e-04 6.354877579206731630e-02 -2.088566309071788335e-02
5.168690499489064782e-02 1.041833809927503879e-01 -5.800355797148842169e-02
1.086531280920614295e-01 1.448336670401161597e-01 -9.258596664145152255e-02
1.676892158284080392e-01 1.446220198797218415e-01 -1.161369399104077715e-01
2.353257734598665774e-01 1.395695559156045762e-01 -1.624702730130729023e-01
4.211222023780943763e-02 2.359757082048413029e-02 -3.142103924514019764e-02
2.466046687249190128e-01 1.877094134230781197e-01 -9.653207474762487417e-02
1.704977410005736327e-01 3.265022450794010656e-01 6.685015748006345460e-02
8.805571359515615426e-02 2.990094034708450921e-01 1.897251186177005000e-01
3.841446959232399771e-03 -6.062462327595981304e-02 8.250128604585529879e-03
-2.639322069275597260e-02 -2.800791036859863192e-01 -1.550646257552095175e-01
-2.687229657381472528e-02 -1.525240584967568203e-01 -6.886326525021634060e-02
-2.959962176762453295e-02 -7.794375939771198969e-02 -9.067273504369720294e-03
-3.492047878755732276e-02 -3.051141197754598730e-02 4.725093820118871080e-02
-4.339326371550900063e-02 6.232849620471782835e-03 1.216855507693667959e-01
-4.701621187420701453e-02 2.186456086498312495e-02 2.349123148643748882e-01
-3.953785089093275057e-02 1.540152148448606373e-02 2.769568719688425551e-01
-2.907370857454144933e-02 7.739512111381288348e-03 2.718045898850076636e-01
-2.121983436518534022e-02 2.597875630033608108e-03 3.708679516604924120e-01
2.486921024674221877e-03 1.472758273382965624e-02 2.030023659677169801e-01
3.035413025096768760e-02 1.797616690475657350e-02 -2.014632536007245622e-01
4.842160102666812765e-02 1.183016797471203238e-02 -3.484131851048857254e-01
3.762436723803189859e-02 6.281999629997658124e-03 -1.882883953410674494e-01
3.077579557665953425e-02 2.886729094638309980e-03 -1.003556560135834830e-01
2.720745343867893296e-02 3.784901390830780520e-04 -5.090051369388305658e-02
2.657042030084933587e-02 -2.189070027463024468e-03 -2.096115029652178413e-02
2.880136818580750907e-02 -5.777498422410775464e-03 9.417375791308798616e-04
3.411599099096470494e-02 -1.170296919825961242e-02 2.320619814384231733e-02
4.302901438971323822e-02 -2.209840155223757527e-02 5.436891042325113499e-02
5.640235294576811942e-02 -4.065860913441230601e-02 1.063782207046419376e-01
7.552533333473801513e-02 -7.392666911339441926e-02 1.991752365079382803e-01
2.234692982124501445e-02 -3.381552526216834859e-02 7.827406972833618470e-02
2.937706100356904035e-02 -1.480557591031087250e-01 2.219363726765116729e-01
-8.296627411093979165e-02 -1.863250450338740927e-01 1.264173909032926812e-01
-1.207271771751227130e-01 -1.696732193119722676e-01 7.148826135830095574e-02
-8.758389063437936606e-02 -9.349517258047598811e-02 3.916652507884937212e-02
-6.297084026675295321e-02 -5.030537339597163787e-02 2.186004711346507465e-02
-4.452402425538676961e-02 -2.499451537004548918e-02 1.293238611097385742e-02
-3.046073736501602944e-02 -8.683069700195574989e-03 8.959610178220540552e-03
-1.941389564662805364e-02 4.359057436085133665e-03 8.417532295834207964e-03
-1.030217765343110353e-02 1.870106300234529798e-02 1.109732400411289101e-02
-2.224705775419481227e-03 3.933571784033918634e-02 1.802544917148455814e-02
4.021711616222107925e-03 6.122151279638982785e-02 9.357995213561445466e-03
-8.098787674962325701e-04 6.050367570458016486e-02 -7.975619967948767777e-03
-1.845689109128730368e-02 1.159392390473058809e-02 -2.376294083310812044e-02
-3.793392120442187765e-02 -3.311866367876237921e-02 -4.867174971012448725e-02
-6.115751613998693381e-02 -8.900882971298905433e-02 -9.225338865951727974e-02
-9.044530178095119832e-02 -1.752582950655622585e-01 -1.712185207007911603e-01
-3.677583825549805147e-02 -8.695672469803568394e-02 -9.503728370648684143e-02
-9.635869830128962477e-02 -1.980122964927434337e-01 -2.256275084229529271e-01
-6.193442970254838670e-02 -1.105707526604286506e-01 -1.091159654901061038e-01
-3.370950745124774023e-02 -6.132064443053388686e-02 -3.445504852573381960e-02
-5.817333134400275683e-03 -7.517836154422966564e-03 8.609131564499427139e-03
6.754168638351664561e-03 1.571387027695742358e-02 2.095058237050101760e-02
1.527473979132321080e-02 6.679379223232338909e-03 8.227824465187142181e-03
2.506077286536426488e-02 3.157589438090344742e-04 -1.354840822761166439e-03
3.707445687553223568e-02 -5.620276856038111495e-03 -1.147162442351929400e-02
5.249217459729314111e-02 -1.325179396515359029e-02 -2.600152267251696139e-02
7.281937452191829252e-02 -2.532205731557277129e-02 -5.051555736508278605e-02
2.513173898984402601e-03 -9.815028438609346706e-04 -2.202948397069556634e-03
6.647077897112360634e-02 -2.141608189896913872e-02 -5.199430996189976367e-02
3.027291802357824635e-02 -1.144320205580713797e-02 -2.877461813881719219e-02
-3.199093807199426733e-03 -4.845935133309615082e-03 -1.660224725352006658e-02
-3.723174548518263377e-02 6.269789880604806961e-04 -1.081003978772326554e-02
-7.516241100408560527e-02 6.923536303539464497e-03 -9.177046770490960431e-03
-1.207065511907305100e-01 1.636693941649485645e-02 -1.107699718911673431e-02
-1.783205341916588582e-01 3.247255785055425115e-02 -1.723818027605837286e-02
-2.121024241863925797e-01 6.231871999726967121e-02 -2.205137975476653342e-02
-2.470577126290537384e-01 1.014274335255897219e-01 -3.846178431507129430e-02
-2.018033207321495159e-01 1.292584490929659657e-01 -6.953789478520941425e-02
-1.764394823782718946e-01 2.026624570563237415e-01 -1.272889468785598222e-01
-1.016695292331191436e-01 2.166157935075040120e-01 -1.305031017674155303e-01
5.940684986815598645e-01 2.683838418108076551e-01 -1.842274157582637073e-01
9.304566644513988516e-01 1.125384730043320763e-01 -1.614086455451926028e-01
1.704254510933257694e-01 6.765709034174821786e-03 -1.816591975458291819e-01
-2.669345055270468392e-01 -5.353228637495817399e-02 -1.292531021694952875e-01
-2.595330720923568757e-01 -9.556638937516784282e-02 -1.146074206053956379e-01
1.162091055388732586e-01 -5.539910898106448905e-02 -2.040362292893858030e-03
8.797378550642166728e-02 -2.998311072509342312e-02 1.066262124761399033e-01
6.845035021985207413e-02 -1.466888678764096364e-02 1.348488991797666681e-01
5.570985130938700680e-02 -4.365176793552996877e-03 9.345007196864950350e-02
4.849676069330590561e-02 4.329300525469910975e-03 8.787961837817956368e-02
4.610368802784348824e-02 1.428511819704323879e-02 1.160029446947000858e-01
4.727830379799390775e-02 2.737801212350930713e-02 1.878146474641994301e-01
4.560373039204455164e-02 2.451274747830801612e-02 1.854726444924999218e-01
4.192636138850541067e-02 6.142369910223782585e-03 1.088689343683312688e-01
4.242661583228869715e-02 -1.062187303732720252e-02 7.400961270541904502e-02
4.715137328577685694e-02 -3.167938228090307756e-02 6.752946868923463686e-02
4.325085782602398204e-02 -5.463782264214438883e-02 7.197928126246513902e-02
3.741231966927125591e-02 -7.992123238962051124e-02 1.273394645570751216e-01
3.670792065320056634e-03 -2.477337046082756650e-02 5.204100313334759226e-02
1.721984630342031364e-04 -7.796096422665096948e-02 1.439893561222124474e-01
-6.673359278066923021e-03 -8.095286519131023040e-02 1.055297753758372148e-01
-8.733951820133967897e-03 -4.540890260627257480e-02 4.082067126719421402e-02
-2.865311447147427318e-02 -7.390986875407212775e-02 4.893807262024639504e-02
-1.777551771466118896e-02 -5.132957653139762211e-02 1.316308264396612131e-02
5.676944306410337815e-03 -5.332730245028667604e-02 -2.790055174559762097e-02
2.187428780653411994e-02 -5.836543931120801582e-02 -7.462501912895683209e-02
2.427707100896567965e-02 -5.280074009867927187e-02 -8.940096326357892254e-02
8.705990707181808161e-03 -2.284919244975714900e-02 -4.778959290971652313e-02
-6.143919370254482745e-03 -1.365264699530722124e-03 -2.450211435295687398e-02
-2.173738658511645966e-02 1.907318020898686461e-02 -1.061015122134719053e-02
-3.959790014300675065e-02 4.556552250550073568e-02 -7.876487367398516933e-04
-6.145534390655387619e-02 8.734434986301858883e-02 8.731182200957263509e-03
-8.940835928748450123e-02 1.589723461283815142e-01 2.159570041643938537e-02
-1.210752949876374024e-01 2.722545373231323174e-01 3.894203332457833039e-02
-1.262841480190498300e-01 2.739490297815166953e-01 4.425939192540395695e-02
-9.198795310983333418e-02 1.410594597598893163e-01 3.833215298674192556e-02
-6.663243738861683585e-02 5.641394885075043386e-02 4.709858888607764554e-02
-4.766565931105405662e-02 -9.032108410440787757e-03 7.391936972207364953e-02
-3.319782430142736995e-02 -2.886838004537937291e-02 6.896678052703571205e-02
-2.176259474635786756e-02 -9.850677505268272058e-03 3.034131024572843741e-02
-1.224021472293771590e-02 5.775077469534295113e-03 3.343349532508824596e-03
-3.698431234726305521e-03 2.344415898394338130e-02 -2.237920739009362225e-02
4.710109496829983922e-03 4.927485541686168341e-02 -5.668946882942757504e-02
9.117454494580469124e-03 4.148667380482234934e-02 -8.374757366726888475e-02
1.495453083939682522e-02 3.939664594235259970e-02 -1.193358708871477269e-01
1.009233855385646868e-02 2.187525907336526632e-02 -6.484803922415956212e-02
6.468416072704074801e-03 1.208451670617450430e-02 -3.523319724358586758e-02
3.739086631867416435e-03 6.614683436816379616e-03 -1.913700861137818121e-02
1.643215514014843880e-03 3.556503013306179864e-03 -1.038830282401770506e-02
-2.111726817637112917e-05 1.839803097922355435e-03 -5.632996429698999830e-03
-1.415143764634185395e-03 8.625083792887716172e-04 -3.048109188604470384e-03
-2.674510024670812870e-03 2.817954354968469125e-04 -1.642817841016064274e-03
-3.922188524863167748e-03 -1.048306227449516729e-04 -8.785662603881975530e-04
-5.280331942788192220e-03 -4.296639763430669910e-04 -4.625784741763616431e-04
-6.882159257628603886e-03 -8.003691939329376278e-04 -2.356056510719997850e-04
-8.885007387839330417e-03 -1.336722501800844841e-03 -1.108688371631913456e-04
-1.148582325681944509e-02 -2.211170241534060263e-03 -4.078733237698477541e-05
-1.494063645255232567e-02 -3.707133517971460037e-03 1.264195073393355667e-06
-1.958997611707139624e-02 -6.315073450364050781e-03 3.116418150671712198e-05
-2.589283033499383685e-02 -1.089931675742237920e-02 6.013206693597476787e-05
-3.447267199602929710e-02 -1.899300898652938469e-02 9.902994701837881302e-05
-4.618041328588148864e-02 -3.332271721854045826e-02 1.625271033092069847e-04
-6.218108601238601235e-02 -5.874338926064252842e-02 2.747243577447813431e-04
-8.407386193096082205e-02 -1.039059270537337626e-01 4.783946418595060707e-04
-1.140591711918263890e-01 -1.842324207480320886e-01 8.513824381445654708e-04
-6.150526630182808407e-04 -1.216643697827835555e-03 4.940440712712185767e-06
-1.036377307281368815e-01 -2.089843421978824500e-01 -6.929838623418129416e-03
-5.181085712158941398e-02 -1.850871823587578457e-01 -2.521975758040729404e-02
-5.061075298722408737e-03 -2.249787511957701824e-01 -5.319406834027051029e-02
1.213518841368516586e-02 -1.090285327482258815e-01 -3.387301095101469955e-02
4.544352657248629940e-02 -2.172828569174597990e-01 -7.329127953314361343e-02
4.312611550885201567e-02 -1.218748666951323945e-01 -4.023935912945111881e-02
4.488102876814071412e-02 -6.784374358492201162e-02 -2.263091648994261171e-02
5.081721952348816629e-02 -3.662997372184964573e-02 -1.371462908479308129e-02
6.148215559914554235e-02 -1.756497706271905115e-02 -1.007182009880250827e-02
7.790370435464452625e-02 -4.197347512939186495e-03 -1.030570877932077654e-02
1.016848664514131001e-01 7.922283764194869293e-03 -1.450587304030238889e-02
1.351585491406826212e-01 2.276155268206045065e-02 -2.428259416460432085e-02
1.816167089104730736e-01 4.515531075874489042e-02 -4.338425000391507580e-02
1.783742002425382500e-01 5.155085755939532721e-02 -4.437423484878712937e-02
1.169420315877852945e-01 3.249999956851380017e-02 -2.308907128177100157e-02
5.855625505564514277e-02 1.264011218408271978e-02 -6.127737058615248360e-03
5.666305645240470382e-03 -2.687663888414409171e-03 8.470426910098565604e-03
-4.690973994163947364e-02 -1.885315395587930376e-02 2.630285017122281285e-02
-1.043336443971054489e-01 -4.138260812080381268e-02 5.420700747925919633e-02
-7.962904589316686932e-02 -1.967396819974121663e-02 5.003193349990398692e-02
-1.454399473205081061e-01 -1.159205012278881688e-02 8.288932900244475044e-02
-9.140542666754317147e-02 -3.839063629937309544e-03 4.360417293794486421e-02
-4.658525419770923742e-02 1.899020681695813475e-03 2.102490623695972560e-02
-6.586525025171040791e-03 7.784928676274079258e-03 6.494362760203997026e-03
3.251502330617238312e-02 1.592552830226875299e-02 -5.558672869455713768e-03
7.448274690978831658e-02 3.176456818054743808e-02 -1.554825644427115794e-02
1.230534785175827067e-01 6.053203220032545712e-02 -6.018631403741781308e-03
6.254311361339985609e-02 4.728119873965737352e-02 4.420224231644134805e-02
1.417588530687099724e-01 1.090434991977880241e-01 1.488004117260209591e-01
1.012856591438908715e-01 5.905790728920993354e-02 7.658603144107717364e-02
7.054742513056078135e-02 2.942725419101227882e-02 3.372281966873714315e-02
4.656013643970218635e-02 9.703378042953380786e-03 3.776180094551884626e-03
2.698483005628280959e-02 -7.071051424981893499e-03 -2.473615773535059459e-02
9.902678246795458897e-03 -2.677970874710463439e-02 -6.274654049389165322e-02
-6.373073235162430260e-03 -5.627357537309539415e-02 -1.248289449149319746e-01
-2.346681674792112579e-02 -1.057414098185342766e-01 -6.429643824853387146e-02
-3.753886827365308216e-04 -1.717703962410322988e-03 4.655189593128564716e-04
-4.274206404281883503e-02 -8.231447087838930643e-02 -4.494157838762633493e-03
-6.442027074236311712e-02 1.961682386527372965e-02 -9.747906278237315758e-02
-9.255454935161913643e-02 1.280325418154833195e-01 -2.278531755277308501e-01
-1.236981360104110472e-01 1.111979785837253765e-01 -2.521597829304814686e-01
-5.845609646782682495e-02 1.039351333999467310e-02 -6.962624147222665205e-02
-1.415683351435681470e-01 1.075624062402718295e-01 -1.171518455945245452e-01
-1.083212044654956047e-01 1.602274488498295901e-01 -8.247380455618288919e-02
-7.895309728302379870e-02 9.986038375624702035e-02 -3.911596735197615110e-02
-5.738941602051653157e-02 7.379725461024157218e-02 -1.076656958405192328e-02
-4.145767245998496081e-02 7.320701343739352551e-02 1.344501245381036006e-02
-2.954634644403790825e-02 9.800984177318786128e-02 4.280292686883663961e-02
-2.042981189525527180e-02 1.568617131743494097e-01 8.856445945858812396e-02
-1.315602705496429943e-02 1.578311212248695306e-01 1.052807744740464485e-01
-7.047681854530978181e-03 9.110683367404820432e-02 8.915937798789638769e-02
-1.466878101922329970e-03 4.598217425544339626e-02 9.701534972140034296e-02
4.177051633594732437e-03 1.705919115773029543e-02 1.420641345933408295e-01
1.038169958814715368e-02 -1.139427795928654209e-02 2.242398660272560684e-01
1.884280102736364190e-02 -2.221986322253147877e-02 1.905374898329843247e-01
2.762105740566388190e-02 -1.067083722564598353e-02 -7.385060979365370634e-03
3.935691366632963761e-02 -2.620951163569710564e-03 -2.081423172697505763e-01
3.471612972469012570e-02 -1.399154983226803470e-02 -2.787529925482627458e-01
4.107971483477808328e-02 -2.480982053806756252e-02 -3.366580320307429042e-01
3.371182416099958220e-03 7.906933491272761724e-03 -7.417209241611870396e-02
-1.745979004082453753e-02 2.582158489715414076e-02 1.555595516680631785e-01
-1.785740822681677192e-02 2.166306504615155698e-02 2.099427784685047871e-01
-1.415962232490739457e-02 1.196087229759130836e-02 1.141431645837538145e-01
-1.160822755197413528e-02 6.546883478696374943e-03 6.210730067305832158e-02
-9.946653572130996837e-03 3.576956118715729580e-03 3.388428389173051697e-02
-9.008365466132761679e-03 2.045835254907806423e-03 1.865325790675352591e-02
-8.699234026005473949e-03 1.441965568334406360e-03 1.057460541309892046e-02
-8.987513379901434021e-03 1.572502098801288693e-03 6.550989510584036973e-03
-9.900170069707215498e-03 2.498246693125305389e-03 5.039808655401161082e-03
-1.152501102040155712e-02 4.556189643913271213e-03 5.461750394403418370e-03
-1.401864072809876592e-02 8.477593788493723720e-03 7.978676805418853657e-03
-1.762080162386885432e-02 1.564256968048684249e-02 1.355568458268879145e-02
-2.267615195160034916e-02 2.855926643149086369e-02 2.433113256500878466e-02
-2.966501749862666612e-02 5.173343168542655912e-02 4.443650558738840295e-02
-7.223610358836986267e-03 1.208817595041492693e-02 1.494297721470689080e-02
-2.074186782406201718e-02 3.571273171623908470e-03 7.458454822068802392e-02
-2.760251087197916880e-04 -5.745575968310904363e-02 1.144347731725071649e-01
2.038942961878346949e-02 -1.382034000660908590e-01 1.981615495952141481e-01
4.308704380077443136e-02 -2.660157082820583940e-01 1.902148420516709959e-01
1.720333471070645270e-02 -2.453301861164542963e-01 8.276009395086031395e-02
-6.154510318551377306e-03 -3.224408026924420467e-02 2.516584305311153191e-03
-2.668948788865969923e-02 -9.244906667466934458e-02 -1.428382624845226864e-02
-1.378540012905805912e-02 -5.958711968120904839e-02 -7.104778223714350825e-03
-2.217956929734035947e-03 -4.714540195713984999e-02 -2.652616336037090950e-03
9.111198969608875001e-03 -5.080554377210291794e-02 7.787703337398475248e-04
2.128002637666632363e-02 -7.183971097753348578e-02 4.504117865775093300e-03
2.162304797609313975e-02 -6.147714450269500808e-02 -1.359631705332125205e-02
1.169344616777394097e-01 -3.741115824590572625e-02 9.901204390453935064e-03
1.595990072968955231e-01 1.071823542355484701e-02 3.573008007512049750e-02
9.193867496577788623e-02 -1.966069110098280989e-02 -2.179554565055834975e-02
2.490339059764908047e-02 -6.156445934400501391e-02 -8.336299363102116222e-02
-3.985684851896410114e-02 -1.241186894012049624e-01 -1.769025628758744417e-01
-1.756965602164476531e-02 -3.817012930739906856e-02 -6.371780483305633513e-02
-6.712829065161450559e-02 -1.199700931134238951e-01 -2.241282635445991933e-01
-2.623902555738963360e-02 -6.070084931645920029e-02 -1.201983542917096776e-01
-5.398033041600963991e-03 -2.991744240677870342e-02 -6.424395524658307877e-02
-2.601626847642864865e-03 -1.664725254127915471e-02 -3.481157936286878585e-02
-3.108861841850370862e-04 -9.187282403130717784e-03 -1.873800718452898681e-02
1.690016749060991317e-03 -4.950178496476379496e-03 -9.860406486744344862e-03
3.592440324577091462e-03 -2.467195128145780163e-03 -4.774941147905538939e-03
5.580353299657217145e-03 -8.803920318065254274e-04 -1.531711301588823630e-03
7.847473695852537692e-03 3.537194823221292365e-04 1.112855042805899284e-03
1.061583493997562966e-02 1.651442489289800010e-03 4.172796905646502554e-03
1.415745015142045628e-02 3.444704900570653028e-03 8.821411251590225572e-03
1.882116076114334971e-02 6.328642790325065583e-03 1.684110607275045995e-02
2.506736091818094828e-02 1.126477422871856836e-02 3.130679101300498646e-02
3.351417861073537063e-02 1.990970277617043482e-02 5.776482676958547696e-02
4.499999708915248392e-02 3.518254973592045698e-02 1.063595520329252697e-01
5.326066189405253594e-03 6.879125118542574885e-03 1.881771502668437568e-02
4.394165021625331957e-02 5.521649132937594961e-02 1.266963547782893884e-01
4.514097172529567964e-02 3.752033451164402816e-02 6.601756112885304173e-02
5.054209330607692396e-02 3.246294306191632728e-02 3.063891424643765127e-02
6.069767580457531564e-02 3.818204756622791546e-02 6.995331749818439575e-03
7.662659321279900737e-02 5.651802871805882561e-02 -1.397894386196620563e-02
9.992167101111300298e-02 9.363632443881657330e-02 -4.032623493278676002e-02
2.197961818964045896e-02 2.829698012704254945e-02 -1.488042154909613619e-02
9.474045920587487180e-02 1.159326470535424480e-01 -6.308505951550612278e-02
6.368305973202691150e-02 6.776593681692290316e-02 -3.500242562721220946e-02
3.876631799735672651e-02 4.252320143534304986e-02 -2.035489352942982180e-02
1.758385218647880166e-02 3.135712155510131383e-02 -1.352675011403665743e-02
-1.916976975399163055e-03 3.034063122852227040e-02 -1.190030181308309419e-02
-2.162809124035803415e-02 3.910365781535460328e-02 -1.485222873331699944e-02
-4.345941433743073096e-02 6.070344179633558462e-02 -2.351459882000778157e-02
-6.951845133558753886e-02 1.026834641396474485e-01 -4.120891232516830233e-02
-1.023056639770441867e-01 1.796870131266044834e-01 -7.471959290116302055e-02
-2.454288491765897751e-02 4.920513375395906691e-02 -2.194999794602697091e-02
-1.370537035177057938e-01 1.813141110738153983e-01 -1.269303671817209322e-01
-9.007992931601846442e-02 5.239037807856575246e-02 -1.058526173090429401e-01
-1.331957120357216140e-01 2.881418961801835571e-02 -1.356749841720980843e-01
-9.812877594758070976e-02 1.658015755877714423e-02 -7.372104075084272290e-02
-7.247776522446883196e-02 9.529679753741899725e-03 -4.004858440167497619e-02
-5.371952547759151902e-02 5.436756791112847161e-03 -2.174671078039198957e-02
-4.001022408544936682e-02 3.040966346490595745e-03 -1.179772706943494308e-02
-3.000306652666184792e-02 1.627159842002861732e-03 -6.386508978186718199e-03
-2.271539308483894182e-02 7.894782439358164578e-04 -3.437749920152193949e-03
-1.743184239807573158e-02 2.992614141065906997e-04 -1.820271430071671243e-03
-1.363392698256405723e-02 3.202230565408946742e-05 -9.133193710522702910e-04
-1.094902356406516827e-02 -7.115214553279498844e-05 -3.685610337707822832e-04
-9.113721386988040546e-03 -2.067391753339999980e-05 2.346822547779266955e-05
-7.947897932270454185e-03 2.204239971102615458e-04 4.136755113812464434e-04
-7.336949009715660296e-03 7.511712914643162457e-04 9.522692909997656791e-04
-7.220394560883032498e-03 1.768409083535464436e-03 1.846350670305502584e-03
-7.585689582080585615e-03 3.636103047009948356e-03 3.439317680443751152e-03
-8.466544417667360226e-03 7.012290028100850656e-03 6.342526893162396713e-03
-9.945434501917619838e-03 1.307762521805402693e-02 1.166969298293469258e-02
-1.216027051743729867e-02 2.394459162624337778e-02 2.146389630546418487e-02
-1.531539328311370095e-02 4.338884729141582325e-02 3.948091691221924243e-02
-1.936801868084018878e-03 6.155830223448684191e-03 7.918386626252165925e-03
-1.644272599397682624e-02 2.665076959926871922e-02 5.231178017739273461e-02
-1.922158475118320234e-02 7.714869084252650930e-03 2.893146477516528661e-02
-2.363007655724610676e-02 -8.187887556376132261e-03 1.663860999908460189e-02
-3.010012439860313554e-02 -2.650382205861587237e-02 1.072036283492412700e-02
-3.927722797947760802e-02 -5.349906200596683814e-02 8.907948900326567374e-03
-5.208745791419559096e-02 -9.841787604102650300e-02 1.050680426271830351e-02
-3.669798840551447006e-02 -8.747583870090000491e-02 1.380838787844132845e-02
8.448792051466392020e-03 -1.734762646560118748e-02 2.007887894409282614e-02
5.465256524395431525e-02 4.676000916717403671e-02 3.404463959471672185e-02
1.064530502162341213e-01 1.269081775069232643e-01 6.106057634225471598e-02
2.827044377383477330e-02 3.704976662226467515e-02 1.902614551862293404e-02
1.256309185962672381e-01 1.096746277837237216e-01 6.791525409968164617e-02
8.230962702529559527e-02 7.510325365836103585e-03 2.542398636000855680e-02
4.724215751972372229e-02 -9.146871146020114918e-02 -7.321936460333511136e-03
1.696274965693258391e-02 -2.216234985531141399e-01 -4.287768169425990039e-02
-7.519078486282906523e-03 -3.416548878978727943e-01 -7.191005572217422370e-02
-1.796426979642333846e-02 -3.928046550388543667e-01 -8.131911061564255083e-02
-1.282389956036024924e-02 -2.203871778285674266e-01 -4.434655416963739771e-02
-8.946590634018009025e-03 -1.241645172080017429e-01 -2.437900369484491403e-02
-6.068268621350426766e-03 -7.086646085415423957e-02 -1.376033811651062103e-02
-3.972427472109378230e-03 -4.205773118027192337e-02 -8.418877928464145802e-03
-2.491607734295487979e-03 -2.776808262125951901e-02 -6.306268945514535880e-03
-1.504117731106739296e-03 -2.304675630437925601e-02 -6.612126001998616838e-03
-9.302164763404728023e-04 -2.625105878352778505e-02 -9.453324421151257026e-03
-7.301889000417189930e-04 -3.847782658353169488e-02 -1.591881531645707518e-02
-1.165859947062975371e-04 -7.754979427376306605e-03 -3.377339787336588756e-03
