2.838417132560599132e+00 6.926041605767311538e+00 -4.660585960440453146e-01 -7.884702634436111662e-03 -2.401023922323044235e-01 3.047646014872223627e-02
2.825062442223927217e+00 6.545784715988412827e+00 -4.175223299703911262e-01 -8.964783059233967163e-03 -2.396706647716699556e-01 3.076218990821969618e-02
2.809688592336849311e+00 6.166850352934528878e+00 -3.680818352183434783e-01 -1.043179652672576556e-02 -2.384335069696220666e-01 3.161733372815150878e-02
2.791704326273319658e+00 5.790516500013740853e+00 -3.168344969776192843e-01 -1.225787072709062786e-02 -2.363893530475305316e-01 3.304190083494842889e-02
2.770562563430732705e+00 5.418063533626715333e+00 -2.628776809450518170e-01 -1.441514068317083230e-02 -2.335367495179899167e-01 3.503590659652892902e-02
2.745760388163773769e+00 5.050774045196405382e+00 -2.053087235893153728e-01 -1.687574804740307743e-02 -2.298743551496312543e-01 3.759937252240959371e-02
2.716839039832779523e+00 4.689932663250819367e+00 -1.432249224153963885e-01 -1.961184039869780932e-02 -2.254009409353415483e-01 4.073232626391446592e-02
2.683383903966716222e+00 4.336825875553476095e+00 -7.572352622869225891e-02 -2.259557053923830564e-02 -2.201153900638819771e-01 4.443480161443581072e-02
2.645024504541052757e+00 3.992741851276162546e+00 -1.901725398677934793e-03 -2.579909579100975528e-02 -2.140166978948999099e-01 4.870683850971807560e-02
2.601434497449377492e+00 3.658970263207388829e+00 7.914335786928179683e-02 -2.919457719311194591e-02 -2.071039719389379252e-01 5.354848301729711602e-02
2.552331665091212010e+00 3.336802109991818810e+00 1.683146792625480892e-01 -3.275417889613051886e-02 -1.993764318382179324e-01 5.895978734760049661e-02
2.497477911916472504e+00 3.027529538398028741e+00 2.665152821078498047e-01 -3.645006756075765131e-02 -1.908334093501104223e-01 6.494080986559098989e-02
2.436679261081146297e+00 2.732445665607660334e+00 3.746483071178369206e-01 -4.025441155713901237e-02 -1.814743483368015109e-01 7.149161507901183321e-02
2.369785852296907080e+00 2.452844401518919248e+00 4.936170021302039301e-01 -4.413938025912373525e-02 -1.712988047574664219e-01 7.861227364076646407e-02
2.296691940797527920e+00 2.190020271060012291e+00 6.243247318506038868e-01 -4.807714334094734254e-02 -1.603064466635457375e-01 8.630286235132174355e-02
2.217335897420348534e+00 1.945268236507363468e+00 7.676749875965097614e-01 -5.203987007366242534e-02 -1.484970541974545977e-01 9.456346415750024881e-02
2.131700209803105928e+00 1.719883519803031113e+00 9.245713970407245519e-01 -5.599972862146019442e-02 -1.358705195948675670e-01 1.033941681532438567e-01
2.039811484696129273e+00 1.515161424865886453e+00 1.095917733956210505e+00 -5.992888533806976781e-02 -1.224268471903131039e-01 1.127950695805158693e-01
1.968253170416471631e+00 1.376189554634694279e+00 1.231334420663821705e+00 -6.213699656827120776e-02 -1.146405182845520315e-01 1.182085832012052112e-01
1.867950722836352329e+00 1.206602194022277530e+00 1.426218651418665440e+00 -6.440613749536884536e-02 -9.932805333732487585e-02 1.276786300982582500e-01
1.766608422943649392e+00 1.062644161987235325e+00 1.635103988029854571e+00 -6.344792546155769708e-02 -8.230575895611812187e-02 1.358739062947828813e-01
1.669380697930798574e+00 9.470147568264762894e-01 1.855961433929665283e+00 -5.921367967095884921e-02 -6.358759400072595824e-02 1.427839496969432742e-01
1.580822163326611074e+00 8.621179071378219927e-01 2.086454749481369220e+00 -5.250908381152850912e-02 -4.353173881441892851e-02 1.480315710131842877e-01
1.504206547167225905e+00 8.097929110880023318e-01 2.323658140750952228e+00 -4.414456105015891058e-02 -2.249240968219727577e-02 1.512501134953545823e-01
1.442193272576493879e+00 7.915932689877807071e-01 2.564355238074611076e+00 -3.408454715283927572e-02 -4.765105274474403549e-04 1.524396118402780165e-01
1.397474903183995254e+00 8.079692522013978140e-01 2.805096635707873709e+00 -2.232365004216997628e-02 2.113092690635677215e-02 1.513060076004581478e-01
1.385194478956002673e+00 8.208165002349325778e-01 2.891511868832462806e+00 -2.062598948425730175e-02 2.380136697401229184e-02 1.509273905973511631e-01
1.362853438520830185e+00 8.739545473066687720e-01 3.126918850835791464e+00 -7.549846948701048957e-03 4.323527619688360968e-02 1.460877479381574029e-01
1.361079289240128221e+00 9.569336166697416379e-01 3.352299514948779535e+00 5.322717838789197201e-03 6.145219484554332451e-02 1.382770937715828152e-01
1.379517415641715372e+00 1.067825391530101697e+00 3.562944291316977985e+00 1.795143891696326932e-02 7.845315350874820792e-02 1.274953438271341499e-01
1.417749372531918350e+00 1.204703317157215237e+00 3.754143451103729046e+00 3.029604771197054111e-02 9.423934481163886989e-02 1.137423817860006986e-01
1.475292880044067889e+00 1.365642857749892913e+00 3.921187055687835432e+00 4.231627201520751086e-02 1.088121234336624776e-01 9.701805927992325496e-02
1.497105037317707277e+00 1.421232632439096255e+00 3.969952565413645829e+00 4.361565038244724635e-02 1.101902799331274524e-01 9.509957743940009034e-02
1.575049618385431893e+00 1.606190030111440681e+00 4.105480316753622461e+00 5.473592595188053744e-02 1.231653065898668242e-01 7.589702383846916312e-02
1.669659156200178796e+00 1.810745372874885017e+00 4.210504880269541061e+00 6.464124236517911071e-02 1.349179492674902059e-01 5.661342685781202422e-02
1.778975356632644500e+00 2.032965119844161173e+00 4.284897625057753068e+00 7.329072073431402989e-02 1.454534344604001272e-01 3.724857847130775418e-02
1.785612428887169534e+00 2.046132889654941778e+00 4.288266614689845824e+00 7.334658499536325649e-02 1.454709651263713932e-01 3.718477704551306079e-02
1.907706324578277712e+00 2.284167571451917400e+00 4.332649739701727398e+00 8.070641525794490512e-02 1.548550744292308545e-01 1.881381701427201417e-02
2.040543672456147650e+00 2.536323691506639388e+00 4.349559411873789472e+00 8.690112118746509684e-02 1.632888427755977145e-01 2.521270755999156440e-03
2.182252196413633882e+00 2.801098749075037642e+00 4.342290092409747615e+00 9.189868394782718664e-02 1.707772525418304321e-01 -1.169303749501661611e-02
2.330908846547643520e+00 3.076998243450977721e+00 4.314135981664503738e+00 9.566706061905813629e-02 1.773254150903907922e-01 -2.382926108839515666e-02
2.484539760340277681e+00 3.362535878526155653e+00 4.268391054675888086e+00 9.817418338697307678e-02 1.829385708933035093e-01 -3.388753095912252350e-02
2.641120222555644936e+00 3.656233767548800362e+00 4.208349096694215419e+00 9.938795873306276174e-02 1.876220896595336418e-01 -4.186795562885547300e-02
2.798574623852692511e+00 3.956622638087369470e+00 4.137303738709995571e+00 9.927626662459373974e-02 1.913814704662538113e-01 -4.777062120693799374e-02
2.903047923272983333e+00 4.159069382159104933e+00 4.085960124222371093e+00 9.889117308706230070e-02 1.926233452879597963e-01 -4.961886557783137808e-02
3.057954460424753496e+00 4.466200385298430220e+00 4.004968809615616188e+00 9.655745525474145052e-02 1.948882100228370717e-01 -5.256861553841666451e-02
3.208165054095209801e+00 4.776260593893912443e+00 3.920192332958437831e+00 9.296573309435901544e-02 1.963199343093202653e-01 -5.439463909660452456e-02
3.351687480166240185e+00 5.087940573385529852e+00 3.833459544301362598e+00 8.811841378930530821e-02 1.969326715269684724e-01 -5.503691225044862051e-02
3.486508222378067678e+00 5.399946302933583020e+00 3.746646861747753299e+00 8.198622013592538060e-02 1.967317356462912337e-01 -5.449544195531910024e-02
3.610567334230472714e+00 5.710992278787482945e+00 3.661630702495349610e+00 7.453984788507558856e-02 1.957225588058159327e-01 -5.277022239847844326e-02
3.721758395529757735e+00 6.019801701708068720e+00 3.580287503075923805e+00 6.574996500803240163e-02 1.939106914490300870e-01 -4.986123499873958836e-02
3.818339383308508417e+00 6.325100992424267154e+00 3.504659252462271279e+00 5.610566279531416928e-02 1.912943232545872008e-01 -4.555961931090303507e-02
3.899343313271122824e+00 6.625612017125332542e+00 3.437119026961323875e+00 4.609572313802735855e-02 1.878695182303671274e-01 -3.965649986775376945e-02
3.964166947641203365e+00 6.920054513622199366e+00 3.380205502944801488e+00 3.569031041005234217e-02 1.836378496363531565e-01 -3.215181302278157655e-02
4.012159747612948024e+00 7.207150809064025943e+00 3.336457471365134708e+00 2.485958010248855848e-02 1.786010112107197234e-01 -2.304547785496795578e-02
4.042623858680595816e+00 7.485626010950108267e+00 3.308413865139177457e+00 1.357367807925215566e-02 1.727608172154488642e-01 -1.233739616752198981e-02
4.054814094788119938e+00 7.754208198216953285e+00 3.298613786533928227e+00 1.802739832968592573e-03 1.661192024855632499e-01 -2.745248661208677036e-05
4.048083590134060827e+00 8.011626827990278699e+00 3.309626060712935303e+00 -1.029931981888134937e-02 1.586758567203346293e-01 1.392173936388965347e-02
4.036046094551910102e+00 8.163137793532518671e+00 3.325770658037067395e+00 -1.467825008918935588e-02 1.556938141649812368e-01 1.957645951663236281e-02
4.003621350301562742e+00 8.403023511427342385e+00 3.368804082427028668e+00 -2.623781500483391912e-02 1.469794661020793480e-01 3.471920494526710421e-02
3.954019230142884478e+00 8.628507528696118811e+00 3.434788220034099560e+00 -3.635158951883234180e-02 1.375221522049661083e-01 4.853358393009666455e-02
3.889509575828100196e+00 8.838407334694842632e+00 3.521617527000018733e+00 -4.504727480098877357e-02 1.273158364672330456e-01 6.101974544846666682e-02
3.812318341125640941e+00 9.031530939409080361e+00 3.627186684263116412e+00 -5.235254354611641042e-02 1.163545946658783858e-01 7.217782415094292636e-02
3.724627636409643561e+00 9.206677050534612050e+00 3.749390574849449376e+00 -5.829504066506793064e-02 1.046326142192595121e-01 8.200794036288999722e-02
3.628747856465587951e+00 9.362631474831355050e+00 3.886199335318808235e+00 -6.268526642434692209e-02 9.213929537703820227e-02 9.060492182954435481e-02
3.527353738779004821e+00 9.498162108605679776e+00 4.035768820044952854e+00 -6.525302641360422595e-02 7.886258989524042029e-02 9.810826266721776878e-02
3.423376161630743209e+00 9.612020643076133908e+00 4.196400919193155943e+00 -6.594533713260512797e-02 6.479423504454906446e-02 1.045627234511049830e-01
3.319765918801555582e+00 9.702945954124256644e+00 4.366433054226559030e+00 -6.479005423142135400e-02 4.992637461674571259e-02 1.099683737689427371e-01
3.219429677859086070e+00 9.769664553294861165e+00 4.544202747947988286e+00 -6.181499650079524261e-02 3.425126459605445234e-02 1.143252718942021212e-01
3.125230038030166302e+00 9.810890765491349086e+00 4.728047606565748850e+00 -5.704794657282811349e-02 1.776127297455417156e-02 1.176334647868662459e-01
3.039985586961635455e+00 9.825326906381114611e+00 4.916305301760527158e+00 -5.051665162264330766e-02 4.488795709814006251e-04 1.198929880940504261e-01
2.994190963726115484e+00 9.822873807254252299e+00 5.028251860431326214e+00 -4.777686885379164167e-02 -5.715088062862734228e-03 1.203833543531604294e-01
2.925121570577803087e+00 9.799692718935585134e+00 5.219435044134027812e+00 -3.937980496522409946e-02 -2.353793552669370889e-02 1.208342140888603589e-01
2.869313298049323002e+00 9.748869427999517612e+00 5.410274998458345586e+00 -3.104469382975977645e-02 -4.059147906802972050e-02 1.199502987126577630e-01
2.826690303908536706e+00 9.671623498854076573e+00 5.598655895172377939e+00 -2.274332082025745660e-02 -5.687560809053063271e-02 1.177315986499721523e-01
2.797221467923117544e+00 9.569174580958174303e+00 5.782461879455104814e+00 -1.444747441369730566e-02 -7.239032587909427496e-02 1.141780899276497868e-01
2.780920387499142610e+00 9.442742228312036801e+00 5.959577047072288636e+00 -6.128945485765570356e-03 -8.713574958846236063e-02 1.092897341737350952e-01
2.777845374437823978e+00 9.293545718962983315e+00 6.127885421551898304e+00 2.240473394496406232e-03 -1.011121102352387641e-01 1.030664786171024000e-01
2.788099452810284262e+00 9.122803874521167700e+00 6.285270931358844848e+00 1.068898866998660782e-02 -1.143197526933189961e-01 9.550825608694817059e-02
2.811830357950290349e+00 8.931734879679845918e+00 6.429617387068803147e+00 1.924480650078622124e-02 -1.267591356927253721e-01 8.661498501214923151e-02
2.849280541640427433e+00 8.721570481833126109e+00 6.558818666859600910e+00 2.799923666675039474e-02 -1.384127275755095421e-01 7.639944934938830423e-02
2.900845364002025750e+00 8.493572156521103977e+00 6.671040905922061448e+00 3.705389697632945761e-02 -1.492605581287525240e-01 6.519237430106991638e-02
2.967031719325330830e+00 8.249018327303438980e+00 6.764964272170326254e+00 4.644788194256344038e-02 -1.593011751886584115e-01 5.331159444508862949e-02
3.048401019511316257e+00 7.989187349035788976e+00 6.839520739875462496e+00 5.621088064226290038e-02 -1.685361117518281160e-01 4.075698158315681913e-02
3.054842532886180795e+00 7.969872364333800974e+00 6.844186913869021005e+00 5.622214173658830749e-02 -1.685961778862401228e-01 4.068848378065336585e-02
3.151186685761300676e+00 7.696023889256518480e+00 6.898645367008154672e+00 6.533111383543559192e-02 -1.769267109886083211e-01 2.802224376829093311e-02
3.260592575185500053e+00 7.409671693491580058e+00 6.933460331513702890e+00 7.270282442181152938e-02 -1.843711601664798638e-01 1.590411482025210974e-02
3.380331941960969644e+00 7.112226041955463707e+00 6.949500542771879452e+00 7.836952743618473549e-02 -1.909223686980948964e-01 4.333966176509040751e-03
3.507727625000442995e+00 6.805108440950273341e+00 6.947634533578862737e+00 8.236343988465162635e-02 -1.965733099192337741e-01 -6.688327012604313414e-03
3.640153503420985981e+00 6.489751432147231824e+00 6.928730643508637321e+00 8.471674264691511635e-02 -2.013170870416238489e-01 -1.716288368763027247e-02
3.775034439918650619e+00 6.167598386854932890e+00 6.893657028278939336e+00 8.546158128437887636e-02 -2.051469329752495241e-01 -2.708981688113256195e-02
3.909846225424182364e+00 5.840103300566162225e+00 6.843281669115463650e+00 8.463006684837884319e-02 -2.080562101545659903e-01 -3.646923371875052111e-02
4.042115525040041568e+00 5.508730587777097121e+00 6.778472382114415495e+00 8.225427668858875663e-02 -2.100384103686258608e-01 -4.530123542022836125e-02
4.169419825258978030e+00 5.174954877072685200e+00 6.700096827603477578e+00 7.836625526156190680e-02 -2.110871545951112649e-01 -5.358591730039129197e-02
4.289387382464382448e+00 4.840260806472009847e+00 6.609022519501260184e+00 7.299801493942452424e-02 -2.111961928382735942e-01 -6.132336877007268927e-02
4.399697172712669690e+00 4.506142819027449065e+00 6.506116834675344407e+00 6.618153681872750160e-02 -2.103594039707790686e-01 -6.851367333697988560e-02
4.498078842797920807e+00 4.174104958671444265e+00 6.392247022298986003e+00 5.794877152943561649e-02 -2.085707955794582624e-01 -7.515690860649873462e-02
4.582312662599015596e+00 3.845660666304670183e+00 6.268280213206598894e+00 4.833164004405876568e-02 -2.058245038149647821e-01 -8.125314628243954229e-02
4.650229478709474229e+00 3.522332576119436620e+00 6.135083429248100018e+00 3.736203448694087187e-02 -2.021147932453400686e-01 -8.680245216772906891e-02
4.699710669350280590e+00 3.205652312152102112e+00 5.993523592642197251e+00 2.507181894370870759e-02 -1.974360567134856304e-01 -9.180488616504521582e-02
4.728688100565914709e+00 2.897160285058329787e+00 5.844467535328719876e+00 1.149283027086166718e-02 -1.917828151985410123e-01 -9.626050227739527121e-02
4.735144083703815454e+00 2.598405489104980148e+00 5.688782008320077743e+00 -3.343121094504580490e-03 -1.851497176811670864e-01 -1.001693486086407126e-01
4.717111334177498172e+00 2.310945299372451078e+00 5.527333691051922848e+00 -1.940425032481325751e-02 -1.775315410127383253e-01 -1.035314673639609051e-01
4.672672931513602634e+00 2.036345269161278004e+00 5.360989200733144777e+00 -3.665879739196038073e-02 -1.689231897884397315e-01 -1.063468948502555300e-01
4.599962280683097759e+00 1.776178927596793411e+00 5.190615101695259526e+00 -5.507502625711655636e-02 -1.593196962242698078e-01 -1.086156614764912098e-01
4.497163074716890030e+00 1.532027577425660425e+00 5.017077914741289391e+00 -7.462122406038682043e-02 -1.487162200379557875e-01 -1.103377917539945796e-01
4.362509258606068308e+00 1.305480092998072550e+00 4.841244126494249400e+00 -9.526570031031821040e-02 -1.371080483337719369e-01 -1.115133042966707233e-01
4.194284994486978668e+00 1.098132718429437604e+00 4.663980198745294459e+00 -1.169767860732999487e-01 -1.244905954912746554e-01 -1.121422118211981289e-01
4.048531223702125814e+00 9.554637485872236047e-01 4.531373678880036948e+00 -1.296356921698388620e-01 -1.168999181913722568e-01 -1.122284386953981833e-01
3.825613678792084915e+00 7.816451858699994260e-01 4.353295577471555156e+00 -1.516127117468266949e-01 -1.023949398572471386e-01 -1.124543277623630960e-01
3.569510128822571904e+00 6.318314647479142954e-01 4.174418336403681984e+00 -1.715060325715841161e-01 -8.661407797980914813e-02 -1.132367205000564120e-01
3.542138168645571294e+00 6.180347176656283414e-01 4.156356490766922818e+00 -1.717227985124547551e-01 -8.638928473729148849e-02 -1.132485697869911323e-01
3.258603713854915096e+00 4.947371707847459388e-01 3.975123989098327204e+00 -1.860049125876289955e-01 -6.916751531338274916e-02 -1.154141322796512770e-01
2.959343182545681294e+00 3.998122525834047480e-01 3.788795742509445841e+00 -1.915637165572361134e-01 -5.059669698181008812e-02 -1.196779176787146626e-01
2.658220384232168776e+00 3.353695285091156109e-01 3.594045713539609554e+00 -1.883537379629890707e-01 -3.071329709018781606e-02 -1.260399720032994164e-01
2.369171357819527479e+00 3.034606123113929854e-01 3.387547773844383325e+00 -1.763293167896805291e-01 -9.553966615299036222e-03 -1.345003639031650267e-01
2.106204669819823572e+00 3.060788742195337253e-01 3.165975668322173586e+00 -1.554446043172342529e-01 1.284445889966005609e-02 -1.450591846592149126e-01
1.881492481020947682e+00 3.445630765912187088e-01 2.927449097752488516e+00 -1.280629289151420380e-01 3.569438892298643778e-02 -1.558919672533163325e-01
1.702847688000607373e+00 4.188881860161963178e-01 2.673141389429869008e+00 -9.732118230176929619e-02 5.806318119460513599e-02 -1.649703902489853546e-01
1.574999745682871710e+00 5.281570864480895633e-01 2.405994963708731227e+00 -6.397240875308168873e-02 7.978167989657344861e-02 -1.720906942166710585e-01
1.560503374322191217e+00 5.463973421855571333e-01 2.366751902870723789e+00 -6.321409938384819904e-02 8.025245002618675016e-02 -1.722154280164173157e-01
1.485602947284414554e+00 6.895269768442042757e-01 2.089351288376296800e+00 -3.127608046792320490e-02 1.003156987160878366e-01 -1.777834600485593552e-01
1.456419617872763084e+00 8.624892804247763500e-01 1.803586200699479614e+00 -5.533897414218940693e-03 1.178964665146606250e-01 -1.827689602009858472e-01
1.463067211503907838e+00 1.061369843556701165e+00 1.510379998435557258e+00 1.393064656006836460e-02 1.330209186227567786e-01 -1.871719822628933882e-01
1.479603513959817152e+00 1.195110749526659522e+00 1.324971860745155938e+00 1.959441405864206093e-02 1.381020290951000817e-01 -1.886950826811517601e-01
1.519773566329737813e+00 1.423364139584903709e+00 1.024564472128964177e+00 3.109589459560041860e-02 1.498802850160514955e-01 -1.903316623525475870e-01
1.576867055051919264e+00 1.669291660569460323e+00 7.249106121197707031e-01 4.094611166706255828e-02 1.604026752790584376e-01 -1.877443487577427905e-01
1.648233169389149433e+00 1.930908139888521058e+00 4.327058131738857893e-01 4.910304059421893852e-02 1.696762462345777767e-01 -1.809331139966344482e-01
1.731154455961812832e+00 2.206239708618005224e+00 1.546456880847499049e-01 5.552462243315654106e-02 1.777082134983879458e-01 -1.698978846072345117e-01
1.822846763588669816e+00 2.493324069950989319e+00 -1.025739977940329228e-01 6.016876291020382961e-02 1.845059621268063665e-01 -1.546385415649800532e-01
1.920459186440214516e+00 2.790210767928967606e+00 -3.322572543242275911e-01 6.299333135754847657e-02 1.900770467970536448e-01 -1.351549202816126338e-01
2.021074005504991611e+00 3.094961456463080740e+00 -5.277077943563449614e-01 6.395615964906531392e-02 1.944291919927502166e-01 -1.114468106035794298e-01
2.122008893935566132e+00 3.405602193503394659e+00 -6.822834386502869553e-01 6.339637499670222609e-02 1.975095242414940666e-01 -8.358269112773500376e-02
2.221878191136125835e+00 3.719980980332979303e+00 -7.931623640360859762e-01 6.261079338597408395e-02 1.991456653924900955e-01 -5.631426139199419145e-02
2.321044290433375235e+00 4.035716184344640745e+00 -8.650004384816084579e-01 6.250817137146379154e-02 1.992205037714468163e-01 -3.432449304078715596e-02
2.397426133864108522e+00 4.277871808861770653e+00 -9.005789869660100200e-01 6.291293643359266441e-02 1.984065912111226682e-01 -2.409661266503671309e-02
2.497780625790969822e+00 4.590570275980251580e+00 -9.266319322056365548e-01 6.370397140196172592e-02 1.961275421784702822e-01 -8.774626215621734657e-03
2.599538960025135292e+00 4.899069992665772588e+00 -9.283540402902252797e-01 6.468371898358850347e-02 1.931088705065377442e-01 6.601826721889511584e-03
2.702979950101967788e+00 5.202197937660439031e+00 -9.056588421340844297e-01 6.582653547655410720e-02 1.893498253675493237e-01 2.203291200621255302e-02
2.808341762744350323e+00 5.498779981428839392e+00 -8.584596052733197702e-01 6.710678013308554735e-02 1.848497592631803688e-01 3.751879608531485250e-02
2.915821922032911129e+00 5.787641049939657556e+00 -7.866693329305435300e-01 6.849881451287542777e-02 1.796081280108643152e-01 5.305964599797641928e-02
3.025577312551222864e+00 6.067605288428053356e+00 -6.902007630770800040e-01 6.997700183647163896e-02 1.736244907332320786e-01 6.865562937538952082e-02
3.137724181506000853e+00 6.337496225143777195e+00 -5.689663674926195291e-01 7.151570633864010040e-02 1.668985098506752529e-01 8.430691444277699231e-02
3.252338139822242624e+00 6.596136935089987219e+00 -4.228783508223324383e-01 7.308929262167786212e-02 1.594299510770396111e-01 1.000136700209783847e-01
3.369454162213248782e+00 6.842350203757702864e+00 -2.518486496314362166e-01 7.467212500869145619e-02 1.512186834184412465e-01 1.157760655280788004e-01
3.489066586225577637e+00 7.074958690860849941e+00 -5.578893145711061319e-02 7.623856689699255729e-02 1.422646791751854822e-01 1.315942709811243339e-01
3.519427926786435457e+00 7.131411059172283906e+00 -3.253350265072951775e-03 7.643990600500324972e-02 1.416182290286239487e-01 1.325922529443880060e-01
3.640952121993876300e+00 7.348498684880643061e+00 2.187309278581989758e-01 7.688265069993394096e-02 1.322830144668667163e-01 1.474873375520207863e-01
3.761437756953709410e+00 7.551070055794927072e+00 4.627970767099596761e-01 7.512976533568563320e-02 1.233042985325668583e-01 1.604531508571466203e-01
3.877597591721967607e+00 7.739688062423025983e+00 7.258711245844449156e-01 7.142496273141824004e-02 1.146791366418366959e-01 1.714697772972604284e-01
3.986530259173488577e+00 7.914910094865852841e+00 1.004847513929270297e+00 6.601138923845101258e-02 1.064035338152751614e-01 1.805172802837976820e-01
4.085536135906895794e+00 8.077295871561927854e+00 1.296604963276133393e+00 5.890044758778593265e-02 9.848456689953670462e-02 1.875957573970447323e-01
4.171933644289098631e+00 8.227416292537634845e+00 1.598022329001882902e+00 5.010350355700191743e-02 9.092926698654488216e-02 1.927052849772011300e-01
4.243059194126286293e+00 8.365853367023385445e+00 1.905978571660209564e+00 3.963188628289288779e-02 8.374461959540659139e-02 1.958459181249394276e-01
4.296267124813414107e+00 8.493200141357657884e+00 2.217352722314190672e+00 2.749688855254162068e-02 7.693756485367808651e-02 1.970176907019244861e-01
4.328929647945144232e+00 8.610060627177221093e+00 2.529023848869534241e+00 1.370976709447204074e-02 7.051499767723833079e-02 1.962206153311741863e-01
4.338436790388382036e+00 8.717049729891419574e+00 2.837871022408207100e+00 -1.718257130106794857e-03 6.448376794876209406e-02 1.934546833971876600e-01
4.328098452033168009e+00 8.800608430939460547e+00 3.094474797642392527e+00 -1.374062168228325914e-02 6.045036490375015753e-02 1.901911053706883958e-01
4.291799025491772390e+00 8.891889599646525255e+00 3.390482497188007649e+00 -3.206230753547492651e-02 5.473135153338219705e-02 1.832845117920813838e-01
4.225325060331583060e+00 8.973765967238266583e+00 3.673173593211789711e+00 -5.181242256521072231e-02 4.858512673408310611e-02 1.733894251222933003e-01
4.126397944130271611e+00 9.045565067517181035e+00 3.937810787080473496e+00 -7.300905413592613524e-02 4.201766762940385008e-02 1.605057386050267043e-01
3.992710368363625584e+00 9.106623967073273818e+00 4.179656585385322920e+00 -9.567032101332603733e-02 3.503502472386114258e-02 1.446333132465892068e-01
3.821926278278660050e+00 9.156289381728232257e+00 4.393973248839909473e+00 -1.198143738073766257e-01 2.764332205999902106e-02 1.257719778145416356e-01
3.760639402988200874e+00 9.170108219214528233e+00 4.457096112045252134e+00 -1.223488698787830592e-01 2.695961174105872965e-02 1.236456478724570207e-01
3.548407632928451960e+00 9.206045689931290354e+00 4.635331749209917085e+00 -1.454315301696156859e-01 1.839739745119417513e-02 1.012358828872373107e-01
3.303172386835536933e+00 9.227107381909721795e+00 4.776302365355473256e+00 -1.639907301596724432e-01 8.187886121972347275e-03 7.662803061094999868e-02
3.032055801460384004e+00 9.230667120381623292e+00 4.876523448929343196e+00 -1.780873267694469408e-01 -3.687759949961161039e-03 4.982182558512394249e-02
2.853295613968535704e+00 9.224509306553832388e+00 4.920401384766030617e+00 -1.822048349120492516e-01 -8.721672957248682856e-03 3.861387899744109925e-02
2.562489202426537105e+00 9.198133272922076387e+00 4.957034793698144703e+00 -1.847185470328753798e-01 -2.455565522814034951e-02 7.606827527088622781e-03
2.278110901176666925e+00 9.143387628768032016e+00 4.941782758898599859e+00 -1.740969923144096709e-01 -4.452405220419076992e-02 -2.685045908968104744e-02
2.019030014672351658e+00 9.055362377273702634e+00 4.870285173493114961e+00 -1.528018118642304468e-01 -6.655149255440470646e-02 -6.335869721249963449e-02
1.794421575177535866e+00 8.934078049576948288e+00 4.741552859205127923e+00 -1.306014397183549447e-01 -8.648790767131381285e-02 -9.906403909232681937e-02
1.599929397951832311e+00 8.784479356450704657e+00 4.558011092578285073e+00 -1.148012212633586077e-01 -1.022720143886609728e-01 -1.325122836564670836e-01
1.425525463770460188e+00 8.613169301983552018e+00 4.323237428622698886e+00 -1.052532908223623304e-01 -1.138774485369173500e-01 -1.637037917158009059e-01
1.420777695232547932e+00 8.608032741417426692e+00 4.315852740639676277e+00 -1.052596146605240257e-01 -1.138742371923354285e-01 -1.637283714014485525e-01
1.261998405070999363e+00 8.420333615745610345e+00 4.034724764262716867e+00 -9.507954705992997801e-02 -1.229538658032074544e-01 -1.909733631827362221e-01
1.125522690998168596e+00 8.218722757171169846e+00 3.714774669803715401e+00 -7.711858194486946594e-02 -1.314316436720167069e-01 -2.127105922440595820e-01
1.023703014027423475e+00 8.004128345723531268e+00 3.364732909223372204e+00 -5.135330369983195226e-02 -1.393401932934500154e-01 -2.289402930746820275e-01
9.689290819011180389e-01 7.777426774520187713e+00 2.993329609866157703e+00 -1.776013340691840262e-02 -1.467122323130100048e-01 -2.396626407565992656e-01
9.736281084066595870e-01 7.539442498289782080e+00 2.609294668628602043e+00 2.368467173070232246e-02 -1.535805743455994632e-01 -2.448777509660855500e-01
1.041712362439813910e+00 7.290899138671905533e+00 2.220984212467173258e+00 6.221393858161216456e-02 -1.600329141676280487e-01 -2.450570969728862736e-01
1.160023716403666194e+00 7.032418266233972481e+00 1.836007054874334132e+00 8.705696916647030770e-02 -1.661103136165698602e-01 -2.406720977280022156e-01
1.285497722894922479e+00 6.801811376335384018e+00 1.510562743884711789e+00 9.603102837378306444e-02 -1.703933533171515802e-01 -2.342122787374829040e-01
1.441115709285750279e+00 6.529131722428277662e+00 1.162277255585360214e+00 1.003118066166932415e-01 -1.736518188790432127e-01 -2.052227018090046762e-01
1.600560547804153355e+00 6.254804284060183406e+00 8.696826399755858139e-01 1.008621707813248530e-01 -1.724700577060615525e-01 -1.639465961893599999e-01
1.758041942188407925e+00 5.985879675454487625e+00 6.328655600807006065e-01 9.783728038452101095e-02 -1.668327928793726656e-01 -1.348476757305796525e-01
1.858192013758298788e+00 5.814785578847168956e+00 4.971613659804463570e-01 9.518320467947644081e-02 -1.629150685044273295e-01 -1.266944218730555183e-01
2.002822877337825602e+00 5.565293180925829475e+00 3.104671615835574716e-01 8.730596202321275201e-02 -1.518669583815769331e-01 -1.088593603929905312e-01
2.133674417803123280e+00 5.333877150172262382e+00 1.499881413332246616e-01 7.779812963470492115e-02 -1.401069298971037436e-01 -9.361848468223243902e-02
2.248308504974744881e+00 5.121829955793666400e+00 5.124490813862015749e-03 6.684480094110964443e-02 -1.274282142591524614e-01 -8.915730583004591314e-02
2.311137887616928399e+00 5.000150882990951118e+00 -8.249644772321347574e-02 6.216727890774294274e-02 -1.224185779081737174e-01 -9.075830496574624484e-02
2.397984344188555994e+00 4.816442671369363104e+00 -2.302195070068169258e-01 4.741594089814371582e-02 -1.093586396102707442e-01 -9.562522769170034298e-02
2.457923012461688206e+00 4.652429195448141819e+00 -3.814011541046325449e-01 2.821664836567533419e-02 -9.756677550297621071e-02 -9.512203678896428982e-02
2.483865893630595068e+00 4.506115208084279899e+00 -5.275289415530508563e-01 4.522318830981167555e-03 -8.702423018066919591e-02 -8.924872682868295604e-02
2.472311544042758324e+00 4.375719937951791039e+00 -6.605247952399805333e-01 -1.909462735404747827e-02 -7.748202694306523253e-02 -7.855335606329105769e-02
2.427498985532124287e+00 4.259856288285288173e+00 -7.748887516699766165e-01 -3.744038424158185885e-02 -6.869282615993833885e-02 -6.574069194435996910e-02
2.358244378335021540e+00 4.157327891432535338e+00 -8.689738673050811935e-01 -4.993389002474482585e-02 -6.066045286393505209e-02 -5.296735747999932464e-02
2.273801528077479261e+00 4.066915737307451373e+00 -9.428423764012187069e-01 -5.660403746347072995e-02 -5.340927070696592505e-02 -4.023321488998669176e-02
2.183378539123200568e+00 3.987362288072068495e+00 -9.965562951462505481e-01 -5.747959549230897969e-02 -4.696352694460310256e-02 -2.753812681607867990e-02
2.096138010284588571e+00 3.917371662153792844e+00 -1.030177422327876569e+00 -5.258920994090797441e-02 -4.134735305197484445e-02 -1.488195632074966641e-02
2.021197229391231254e+00 3.855609817289153529e+00 -1.043767339999503996e+00 -4.196140425507289412e-02 -3.658476533617471133e-02 -2.264566885890023206e-03
1.967628366714958776e+00 3.800704732599542446e+00 -1.037387414144050668e+00 -2.562458021839225317e-02 -3.269966554518863311e-02 1.031417758850052685e-02
1.944458667250559047e+00 3.751246589704476886e+00 -1.011098795335675593e+00 -3.607018674427568076e-03 -2.971584147333661968e-02 2.285441278561923736e-02
1.952050754535981092e+00 3.713100354060891117e+00 -9.753275821485219987e-01 1.514021311967433427e-02 -2.823819623175335622e-02 3.148225326195907420e-02
1.999180159504565735e+00 3.669553877394279962e+00 -9.157369260946058853e-01 4.432439920454221693e-02 -2.672296415162911387e-02 4.370382156323424777e-02
2.018733485039634346e+00 3.658050978636277595e+00 -8.967155925947092321e-01 4.643082680427522424e-02 -2.666718500088715096e-02 4.458218840987263759e-02
2.113492835370335055e+00 3.616727443045754331e+00 -8.172985342616353455e-01 7.312878334310431161e-02 -2.548772268416159281e-02 5.561903919240160366e-02
2.247497452343242053e+00 3.577322406546723954e+00 -7.216094321844330750e-01 9.594703541584485851e-02 -2.424418268152759431e-02 6.511277457086381282e-02
2.317003998425088529e+00 3.560178574427883547e+00 -6.748055394219821812e-01 9.993957679500230229e-02 -2.407246191226576279e-02 6.679209102509418849e-02
2.488992225868415620e+00 3.523367698388883085e+00 -5.631451212657513361e-01 1.170608432945304395e-01 -2.238282212953003267e-02 7.409087805836495066e-02
2.684926546748673371e+00 3.489800796652596571e+00 -4.410758572767354280e-01 1.301530621834429968e-01 -1.997700201607377143e-02 7.992502684844937644e-02
2.898442063254512480e+00 3.460626451640083534e+00 -3.109193709454265986e-01 1.392436801272730340e-01 -1.683820196125654714e-02 8.429460032659265301e-02
3.093976090191929984e+00 3.439310212857959570e+00 -1.926777212396259542e-01 1.433300518324878148e-01 -1.396874268984680395e-02 8.657985502249128384e-02
3.322876187858217367e+00 3.420873985370903370e+00 -5.351296785623887997e-02 1.454785352882683458e-01 -9.293757312459897946e-03 8.900558494055088588e-02
3.552840092943351902e+00 3.410648090694720747e+00 8.960351619257413136e-02 1.446728978795256415e-01 -3.607849876594571448e-03 9.156578968363869586e-02
3.779213073724674299e+00 3.410244764197079448e+00 2.368849157508757242e-01 1.409484646583568090e-01 3.101286197124017169e-03 9.426049686589871301e-02
3.997396345995557265e+00 3.421295636291242559e+00 3.885444605843133559e-01 1.343405000579596942e-01 1.084581528025228142e-02 9.708973555116068299e-02
4.202846977681176099e+00 3.445451507254741141e+00 5.447954276783343319e-01 1.248842087833233611e-01 1.963775983818841914e-02 1.000535362532473521e-01
4.391077794866355077e+00 3.484382122522809322e+00 7.058511435368178821e-01 1.126147367021692325e-01 2.948900072753120327e-02 1.031519309361937226e-01
4.557657289236010101e+00 3.539775948449771725e+00 8.719249864811176032e-01 9.756717173629107787e-02 4.041127748913413836e-02 1.063849530145456329e-01
4.693794180743779521e+00 3.609736728478285972e+00 1.036331070437094048e+00 8.119693345526753092e-02 5.146195514891466899e-02 1.094917907922889344e-01
4.807997702663181272e+00 3.701035304436206985e+00 1.212300533576738504e+00 6.290250016066360750e-02 6.374170722647325149e-02 1.125304875091307638e-01
4.894384839461701553e+00 3.811442027456308335e+00 1.392467030375658998e+00 4.610042471379311585e-02 7.556995727480400604e-02 1.147872264804726400e-01
4.955306419593336287e+00 3.940236324815942215e+00 1.575591058699933988e+00 3.077205276907597417e-02 8.694056751118263426e-02 1.162620320378908861e-01
4.993083727484391332e+00 4.086687954294204062e+00 1.760433148299028749e+00 1.689876270625979143e-02 9.784747560019482759e-02 1.169549200773678521e-01
5.010008555044501044e+00 4.250057123639687795e+00 1.945753847434363637e+00 4.461965171671296998e-03 1.082846944930022232e-01 1.168658980596252173e-01
5.008343252449914296e+00 4.429594609785217685e+00 2.130313709508226960e+00 -6.556897381243046580e-03 1.182463122688391516e-01 1.159949650102206214e-01
4.990320778198356955e+00 4.624541877813097557e+00 2.312873279692761574e+00 -1.617635115149280295e-02 1.277264919787325925e-01 1.143421115195472348e-01
4.958144748435333149e+00 4.834131199674387425e+00 2.492193081558876866e+00 -2.441489145021474849e-02 1.367194714914459763e-01 1.119073197427384730e-01
4.913989485551665481e+00 5.057585772665753154e+00 2.667033603704954459e+00 -3.129098316048077588e-02 1.452195633416566711e-01 1.086905633995022824e-01
4.879665748987756402e+00 5.212839809878661690e+00 2.780899753980259348e+00 -3.371689487411358432e-02 1.488334645716904436e-01 1.069725399080834610e-01
4.822353799401927432e+00 5.454519428834470496e+00 2.947177642078802062e+00 -3.858967881828814089e-02 1.560990374532899849e-01 1.028217896767637113e-01
4.757997303531527500e+00 5.706687994684237708e+00 3.106841644568779426e+00 -4.260588092288603718e-02 1.620669355464336159e-01 9.862774004884092283e-02
4.687917631566294041e+00 5.967285736891277281e+00 3.259823089478460112e+00 -4.581148024696982818e-02 1.667337049873806598e-01 9.439034576379136399e-02
4.613363284062354630e+00 6.234247556940352375e+00 3.406053232719850943e+00 -4.825243800496818031e-02 1.700960772676275989e-01 9.010956109239023903e-02
4.535509919312685767e+00 6.505503322085274931e+00 3.545463257345376373e+00 -4.997469872240726391e-02 1.721509691482979998e-01 8.578533983626498993e-02
4.455460378885490513e+00 6.778978158965235146e+00 3.677984272803857202e+00 -5.102419139171304047e-02 1.728954825801195527e-01 8.141763532744690501e-02
4.374244711330414148e+00 7.052592747098718640e+00 3.803547314195767637e+00 -5.144683062808258489e-02 1.723269046289893636e-01 7.700640042791918882e-02
4.292820194052419325e+00 7.324263612263853140e+00 3.922083341527784039e+00 -5.128851782548145971e-02 1.704427074071324100e-01 7.255158752916707199e-02
4.212071353353231018e+00 7.591903419774066464e+00 4.033523238966602698e+00 -5.059514231264326811e-02 1.672405480098397013e-01 6.805314855171031019e-02
4.132809982640359259e+00 7.853421267657871851e+00 4.137797814092015969e+00 -4.941258250905280341e-02 1.627182684577834215e-01 6.351103494463157528e-02
4.055775158803619718e+00 8.106722979751660674e+00 4.234837797149246796e+00 -4.778670708104393317e-02 1.568738956449276800e-01 5.892519768511825934e-02
3.981633256758996264e+00 8.349711398714354971e+00 4.324573840300545591e+00 -4.576337609798804967e-02 1.497056412920319268e-01 5.429558727798334400e-02
3.910977962159711385e+00 8.580286678972766978e+00 4.406936516876021948e+00 -4.338844218855325563e-02 1.412119019057328229e-01 4.962215375518051752e-02
3.844330282274380561e+00 8.796346579606545646e+00 4.481856320623704981e+00 -4.070775169704536622e-02 1.313912587432127244e-01 4.490484667531866730e-02
3.782138555032146687e+00 8.995786757181521764e+00 4.549263664958834497e+00 -3.776714583981483769e-02 1.202424777824559199e-01 4.014361512317837777e-02
3.724778456234679958e+00 9.176501058540356581e+00 4.609088882212388327e+00 -3.461246186171994949e-02 1.077645096980898581e-01 3.533840770922004604e-02
3.672553004934979715e+00 9.336381813559302856e+00 4.661262222878809425e+00 -3.128953419263653252e-02 9.395648984281518290e-02 3.048917256908438220e-02
3.625692566982857024e+00 9.473320127879969021e+00 4.705713854862959344e+00 -2.784419560405575894e-02 7.881773823442334015e-02 2.559585736309967496e-02
3.584354856737000272e+00 9.585206175624929159e+00 4.742373862726272371e+00 -2.432227836572508489e-02 6.234775954840213880e-02 2.065840927577561326e-02
3.548624936943564734e+00 9.669929492106055235e+00 4.771172246932093408e+00 -2.076961540232621570e-02 4.454624311612977866e-02 1.567677501527539596e-02
3.518515216781166632e+00 9.725379266534378786e+00 4.792038923090191638e+00 -1.723204145025163808e-02 2.541306292865617295e-02 1.065090081290253482e-02
3.518392188112071217e+00 9.725560706605994810e+00 4.792114966302483126e+00 -1.723144076405472638e-02 2.541294963204550339e-02 1.065075118022136905e-02
3.495001422457229445e+00 9.750115487682991855e+00 4.804843789348171690e+00 -1.229328470999618318e-02 5.564978517605382105e-03 5.409321074798341920e-03
3.481692870639772064e+00 9.743136539337214685e+00 4.808957842607213706e+00 -4.510662123402597520e-03 -1.437522595719576204e-02 -2.185825152270220865e-04
3.482973758147522414e+00 9.704468152533776149e+00 4.803844458951795460e+00 6.114300624226915414e-03 -3.441965531671841577e-02 -6.233020329660475707e-03
3.486918915169063826e+00 9.684087936293666488e+00 4.800056090174948942e+00 7.716289324106399145e-03 -3.703091344615757480e-02 -7.048474407724993410e-03
3.508085607013406548e+00 9.609894536763521344e+00 4.784121362735635152e+00 1.897778327795881029e-02 -5.658660977651387008e-02 -1.305651669167327139e-02
3.544234411558859765e+00 9.505619247818282602e+00 4.759199976697277457e+00 2.662010076923529422e-02 -7.498326729093594822e-02 -1.838702361323963849e-02
3.589661631346005244e+00 9.373111187798347288e+00 4.726365882592867607e+00 3.068518850418860272e-02 -9.220593954841398154e-02 -2.304005270419498888e-02
3.638729999023474715e+00 9.214243033404112992e+00 4.686692945550637646e+00 3.121491524259098829e-02 -1.082398491349141068e-01 -2.701565418873630442e-02
3.685868554624806670e+00 9.030910752067885738e+00 4.641254956877283178e+00 2.825107284984166092e-02 -1.230703872790038789e-01 -3.031387098397298266e-02
3.725572524513305339e+00 8.825033334931029927e+00 4.591125645640474318e+00 2.183537734939823213e-02 -1.366831134725667030e-01 -3.293473870033818834e-02
3.752403201995420101e+00 8.598552530418311690e+00 4.537378690250771562e+00 1.200946997552519192e-02 -1.490637550965971947e-01 -3.487828564194023206e-02
3.760987829603144483e+00 8.353432578401392306e+00 4.481087730043037176e+00 -1.185081773633779156e-03 -1.601982070520848733e-01 -3.614453280683727759e-02
3.746019483046014731e+00 8.091659944943392802e+00 4.423326376857476205e+00 -1.770678308257859004e-02 -1.700725313959880192e-01 -3.673349388722684655e-02
3.702256956833625878e+00 7.815243057616461542e+00 4.365168226620480318e+00 -3.751421076422828405e-02 -1.786729569822795571e-01 -3.664517526951951293e-02
3.628136698514173641e+00 7.526150774964784240e+00 4.307971968520797112e+00 -5.600870416118397532e-02 -1.860660149055555213e-01 -3.551986579519249287e-02
3.529382207449312858e+00 7.226230725917012876e+00 4.253666497260759627e+00 -6.859478582421919823e-02 -1.923381286479475816e-01 -3.299784312011949661e-02
3.415388185245396890e+00 6.917240130267760634e+00 4.204465836266803258e+00 -7.523590009895490816e-02 -1.975141084121841140e-01 -2.907908007390923311e-02
3.295607378411523847e+00 6.600896763137400924e+00 4.162584063975256043e+00 -7.589536686266555587e-02 -2.016189117930550501e-01 -2.376353442046765657e-02
3.179550776397499057e+00 6.278878720838432237e+00 4.130235337714210253e+00 -7.053638059476448341e-02 -2.046776444024969166e-01 -1.705114885743192962e-02
3.124719306691026155e+00 6.116970259512210184e+00 4.117524241088293735e+00 -6.826493519669411814e-02 -2.051803460931845846e-01 -1.512589209757380856e-02
3.025936918176297397e+00 5.790491342764477523e+00 4.099881693427238183e+00 -5.637082674630069373e-02 -2.067486036482630851e-01 -7.133871368550036805e-03
2.946799558516943751e+00 5.462251587350955617e+00 4.094725253090507167e+00 -4.347802534603337904e-02 -2.074026343064787614e-01 6.279435157272790806e-04
2.888917222080271241e+00 5.133696829382532023e+00 4.101690075289940118e+00 -2.955257258777868254e-02 -2.071466878374632892e-01 8.159636244376201192e-03
2.853953749681943819e+00 4.806266059724199735e+00 4.120411445929973659e+00 -1.456048833057929127e-02 -2.059851511968567861e-01 1.546128802432408106e-02
2.843626863707308328e+00 4.481391206447224995e+00 4.150524777673651577e+00 1.532230146555807080e-03 -2.039225486369852514e-01 2.253297758113469162e-02
2.859708204575646562e+00 4.160496917102630476e+00 4.191665606009952860e+00 1.875960899184809724e-02 -2.009635418216296765e-01 2.937478115984851548e-02
2.904023368547143047e+00 3.845000340809469730e+00 4.243469585322366733e+00 3.715569862766587850e-02 -1.971129299449400352e-01 3.598677252571434726e-02
2.927529138151655719e+00 3.724837992750547055e+00 4.265734308089856874e+00 3.983830721499637822e-02 -1.964830450618309798e-01 3.694198357987769216e-02
3.004702532813366300e+00 3.417424995944455368e+00 4.327990941124012281e+00 5.753534880395373696e-02 -1.913938627796420711e-01 4.160777874251590097e-02
3.107161686865018702e+00 3.118773041656941469e+00 4.394881195834945409e+00 7.174216382023387850e-02 -1.854269830370403049e-01 4.278826635593590416e-02
3.229400400133037419e+00 2.830284963814168719e+00 4.460880342131546605e+00 8.249198336381634300e-02 -1.785678525430969554e-01 4.048345912004406438e-02
3.365965091759748784e+00 2.553386559227483588e+00 4.520463640258502558e+00 8.981796659972457464e-02 -1.708020520536794318e-01 3.469333214152621470e-02
3.511454686832123251e+00 2.289526375393466484e+00 4.568106281205136732e+00 9.375320158644298574e-02 -1.621152960130672060e-01 2.541782293357061975e-02
3.660520504324002111e+00 2.040175498858885383e+00 4.598283327113554364e+00 9.433070610473437423e-02 -1.524934321995894959e-01 1.265683141527499528e-02
3.807866146352409942e+00 1.806827344144191771e+00 4.605469651685583976e+00 9.158342848681981507e-02 -1.419224413752742664e-01 -3.589780089275143148e-03
3.948247388748540754e+00 1.590997443219195562e+00 4.584139880588001148e+00 8.554424844592856125e-02 -1.303884369395036658e-01 -2.332218685225258617e-02
3.949735610325503465e+00 1.588728966804643372e+00 4.583734104711613355e+00 8.553832088066214145e-02 -1.303904547230574640e-01 -2.332488544775294936e-02
4.079003435794090748e+00 1.392250784723203072e+00 4.528571310617540924e+00 7.756828224067888189e-02 -1.175029748483050335e-01 -4.627451551489183273e-02
4.195255822593962236e+00 1.217561816925917917e+00 4.434753462663175938e+00 6.911767225461649955e-02 -1.028984971447985675e-01 -7.209631983643190190e-02
4.297777350043164191e+00 1.067385349283454854e+00 4.297727509023753889e+00 6.024498098165696064e-02 -8.657505801519981004e-02 -1.007905769617106623e-01
4.384101726754712658e+00 9.439019080315399490e-01 4.115551124516805714e+00 4.868219864179468281e-02 -6.921797858781988944e-02 -1.290630307000326660e-01
4.412832351322710345e+00 9.028472856913827282e-01 4.036460622821286925e+00 4.644163293100522782e-02 -6.670780965023495601e-02 -1.327949461572956180e-01
4.474127536218254875e+00 8.112938621634727676e-01 3.808364208470871315e+00 3.090629509569942091e-02 -4.879634879881544762e-02 -1.549963824226811004e-01
4.511649141371836258e+00 7.486007609299188958e-01 3.549434938174979681e+00 1.644662239790532429e-02 -3.029513617179619561e-02 -1.716970420176529843e-01
4.527116583106356451e+00 7.156993192369595080e-01 3.268392233005840364e+00 3.080687594261960743e-03 -1.120860951639176400e-02 -1.828971051050738428e-01
4.522277946210471633e+00 7.135137822953717679e-01 2.973955275475340443e+00 -9.173410810047164660e-03 8.458720810101275425e-03 -1.885966925158397978e-01
4.498910025121944045e+00 7.429611880820115033e-01 2.674843103584266579e+00 -2.029754809698833609e-02 2.870227171318744108e-02 -1.887958657500305448e-01
4.458818365847092124e+00 8.049512519381060160e-01 2.379774704870032842e+00 -3.027357287124704185e-02 4.951738723185227647e-02 -1.834946269776643324e-01
4.403837308616320279e+00 9.003862509607295506e-01 2.097469110453732188e+00 -3.908330659593425155e-02 7.089933840693767031e-02 -1.726929190387969104e-01
4.335826442054639074e+00 1.029835060476354203e+00 1.836119187254695584e+00 -4.671332747016111731e-02 9.243220097689613945e-02 -1.570546652707849322e-01
4.256643802992823744e+00 1.192465217874177696e+00 1.600444834269505678e+00 -5.317959768516895142e-02 1.127638361013918733e-01 -1.402978176737236238e-01
4.168084189017882579e+00 1.385626872890117989e+00 1.389798745056632479e+00 -5.854568878423414835e-02 1.309533969802181841e-01 -1.254762763531067360e-01
4.071831586434539574e+00 1.605921032425247752e+00 1.201113292850195080e+00 -6.288725834002253934e-02 1.469965373039789913e-01 -1.125898814549826099e-01
3.976794698531334049e+00 1.831949016830024979e+00 1.041911989489096024e+00 -6.582147307790843505e-02 1.591320113992865937e-01 -1.030284679899255290e-01
3.870385644443363748e+00 2.093799612814974065e+00 8.854678827115651796e-01 -6.842841921985605425e-02 1.712489941859988429e-01 -9.435848991659687157e-02
3.760446772104378166e+00 2.373515736122174147e+00 7.404742075012480385e-01 -7.027613568881967143e-02 1.816726445215501029e-01 -8.858135393542639069e-02
3.648134493327029215e+00 2.668410795667016444e+00 6.023454205351119750e-01 -7.142402665775944570e-02 1.903999667821861530e-01 -8.569699774026243166e-02
3.576085533758522672e+00 2.861895314761579101e+00 5.160530193181956937e-01 -7.150371182284417926e-02 1.934297152073354009e-01 -8.548764515316216450e-02
3.462491537717689472e+00 3.173395692716891592e+00 3.806696425945551576e-01 -7.181520172820590742e-02 1.995934636540130369e-01 -8.532679735308588975e-02
3.348565677772584070e+00 3.493664253113444307e+00 2.464326351216271083e-01 -7.192321488789761574e-02 2.044924876664230839e-01 -8.404126060281628952e-02
3.234595517111636731e+00 3.820695614022679987e+00 1.151248101559129433e-01 -7.187188372764867494e-02 2.081260541469283076e-01 -8.163102103935035436e-02
3.120798665483845102e+00 4.152483372421167829e+00 -1.147098745554312078e-02 -7.170533670679289651e-02 2.104936078655973430e-01 -7.809605266761476816e-02
3.007322784605099830e+00 4.487020386124114246e+00 -1.315718620435382680e-01 -7.146769942984720903e-02 2.115947714436756111e-01 -7.343631735990138742e-02
2.894245591802497852e+00 4.822299055696936954e+00 -2.433948478844588648e-01 -7.120309575808472791e-02 2.114293453424307967e-01 -6.765176485562852948e-02
2.781574861896586981e+00 5.156311606353412458e+00 -3.451568899674860025e-01 -7.095564892118066957e-02 2.099973078573738328e-01 -6.074233276089582162e-02
2.669248427321465389e+00 5.487050369848926579e+00 -4.350748247609907970e-01 -7.076948262887397534e-02 2.072988151178516147e-01 -5.270794654790682265e-02
2.557134176482753762e+00 5.812508066377333193e+00 -5.113653609779037490e-01 -7.068872218260284501e-02 2.033342010920103915e-01 -4.354851955425208254e-02
2.445030050353468987e+00 6.130678086479933953e+00 -5.722450603398566704e-01 -7.075749558712166043e-02 1.981039775971273065e-01 -3.326395298207763390e-02
2.332664037307791371e+00 6.439554772975094821e+00 -6.159303183399117421e-01 -7.101993466214844009e-02 1.916088343153154461e-01 -2.185413589713289598e-02
2.219694166192737850e+00 6.737133702917024181e+00 -6.406373450037107231e-01 -7.152017615396973060e-02 1.838496388146105276e-01 -9.318945227731540576e-03
2.105708497637767795e+00 7.021411969592231905e+00 -6.445821456488591839e-01 -7.230236284704831540e-02 1.748274365754233228e-01 4.341754236439227324e-03
1.990225113602273499e+00 7.290388464562163939e+00 -6.259805016422959056e-01 -7.341064467569262397e-02 1.645434510223604541e-01 1.912810984566714126e-02
1.872692105160925546e+00 7.542064159760549558e+00 -5.830479511554691463e-01 -7.488917983570185510e-02 1.529990835614199185e-01 3.504028109163574711e-02
1.752487558526895750e+00 7.774442389653960284e+00 -5.139997699171777734e-01 -7.678213589600633993e-02 1.401959136225578995e-01 5.207843960894781993e-02
1.726295003966320740e+00 7.822165225988288562e+00 -4.960954776921497333e-01 -7.679200352020576492e-02 1.396160282637541605e-01 5.289928320463919975e-02
1.604929013718929820e+00 8.032188899272785676e+00 -3.973438403191190682e-01 -7.634561402213708992e-02 1.253725571072801803e-01 7.169655930330931515e-02
1.488454852307122156e+00 8.218773503547536663e+00 -2.672835162896792793e-01 -7.062060917595776310e-02 1.100394481598084701e-01 9.240173901746889795e-02
1.385210264432192417e+00 8.380174287749252215e+00 -1.028900125019333173e-01 -5.965441257698157751e-02 9.359463130101644546e-02 1.150150456774030466e-01
1.303456445895341043e+00 8.514612463730863112e+00 9.657719285651907015e-02 -4.350618243611657082e-02 7.601724526178621488e-02 1.366545485234722801e-01
1.246394590014288539e+00 8.620513919097474442e+00 3.270131269038952793e-01 -2.850083023817821110e-02 5.759029095165167644e-02 1.540885734187313616e-01
1.236615765544523349e+00 8.640310023525174188e+00 3.805074950653155597e-01 -2.796231026256575450e-02 5.671251756565191815e-02 1.547883763236725108e-01
1.199122200640399427e+00 8.715382591623155761e+00 6.355587133915996390e-01 -1.935535883476931229e-02 3.800189963905150486e-02 1.670120745387394801e-01
1.173576135744027749e+00 8.760964649449270780e+00 9.069160026048157519e-01 -1.288788970255909556e-02 1.950539179566856962e-02 1.753618948414182310e-01
1.156593059646348065e+00 8.777402595930631435e+00 1.188438751067425247e+00 -8.551206434564527156e-03 1.231823274448512039e-03 1.798379272876312052e-01
1.144802208616034989e+00 8.765056797855939053e+00 1.473986456776251064e+00 -6.336660145653864873e-03 -1.681001175035021569e-02 1.804402201481322410e-01
1.134846491201916496e+00 8.724301534478565046e+00 1.757418661127042814e+00 -6.235649281894188774e-03 -3.461135393474885913e-02 1.771687799089884663e-01
1.128517069530701633e+00 8.687668640329997416e+00 1.927587209503262677e+00 -6.857945410197292639e-03 -4.115601472459010784e-02 1.747898145864838770e-01
1.116367104798949850e+00 8.608872591288564635e+00 2.197833902691991526e+00 -8.482435673880258861e-03 -5.826069795394549222e-02 1.661829056494799894e-01
1.102600265412600589e+00 8.503630092847362931e+00 2.452797044007615668e+00 -8.897450133174843873e-03 -7.452450357127735070e-02 1.555064176444144464e-01
1.089156864705428163e+00 8.373269953994261883e+00 2.689195945998186676e+00 -8.073829741831590329e-03 -8.995263402303783906e-02 1.427602353955495229e-01
1.078023456404731295e+00 8.219112643877441116e+00 2.903749720946135593e+00 -5.982391624803856320e-03 -1.045504093325421296e-01 1.279442214016608126e-01
1.070760114123789020e+00 8.042486317881415658e+00 3.093237540373981354e+00 -3.190400251493310906e-03 -1.183024405934993001e-01 1.111342904555531336e-01
1.069705475012219464e+00 8.003025905864214806e+00 3.130084731059943337e+00 -3.148813078835780224e-03 -1.188829356367181178e-01 1.103437435332364630e-01
1.066602832049442728e+00 7.804748103652882740e+00 3.291380839380927625e+00 -7.735420608339765294e-04 -1.312875281791969773e-01 9.316502902100627648e-02
1.067388173634708171e+00 7.587937576764953285e+00 3.426847148479478466e+00 1.757585528337913443e-03 -1.422659473270011521e-01 7.775405001986787634e-02
1.072348292376710699e+00 7.354854405002724249e+00 3.539285655018677978e+00 4.494705313102465710e-03 -1.518190069121930497e-01 6.411064028058481579e-02
1.081849455723028264e+00 7.107757217920148030e+00 3.631498107240847428e+00 7.487955789572701623e-03 -1.599477228966039166e-01 5.223465261765115886e-02
1.096337411509760607e+00 6.848902874402298835e+00 3.706286035185672123e+00 1.078747958419828436e-02 -1.666533133907083797e-01 4.212595890831445644e-02
1.116337395508218311e+00 6.580546142210102367e+00 3.766450780906592133e+00 1.444342471481394226e-02 -1.719371986785860895e-01 3.378445009136547134e-02
1.142454140970591947e+00 6.304939377480656582e+00 3.814793528685421542e+00 1.850594585172147394e-02 -1.758010012489833740e-01 2.721003616611228706e-02
1.175371890174618850e+00 6.024332204173479255e+00 3.854115335245482221e+00 2.302520557876096274e-02 -1.782465458324725138e-01 2.240264619153355813e-02
1.215854407967195350e+00 5.740971193453029642e+00 3.887217159963560764e+00 2.805137565432707161e-02 -1.792758594447104448e-01 1.936222828563576026e-02
1.264744997306864960e+00 5.457099542997817743e+00 3.916899895080918625e+00 3.363463827235050468e-02 -1.788911714357877270e-01 1.808874962490982646e-02
1.322966516805105686e+00 5.174956756226478660e+00 3.945964395913576617e+00 3.982518732321974064e-02 -1.770949135456608148e-01 1.858219644395070480e-02
1.391521400266317654e+00 4.896778321431134451e+00 3.977211511062221039e+00 4.667322965463589074e-02 -1.738897199656843640e-01 2.084257403536448477e-02
1.471491678226408917e+00 4.624795390808388085e+00 4.013442112622087166e+00 5.422898633240933602e-02 -1.692784274062442695e-01 2.486990674983150310e-02
1.564039001489870184e+00 4.361234459378275474e+00 4.057457126393080316e+00 6.254269390116901084e-02 -1.632640751704897975e-01 3.066423799634573205e-02
1.670404666665237459e+00 4.108317043781498867e+00 4.112057562090439156e+00 7.166460564504179009e-02 -1.558499052341657254e-01 3.822563024265385190e-02
1.682564051248541581e+00 4.081889847245596670e+00 4.118549051094749558e+00 7.171983793930135354e-02 -1.557817182089032693e-01 3.832252815306638055e-02
1.804018589796031913e+00 3.841865528863491086e+00 4.185542448450052078e+00 8.152606319316733907e-02 -1.470653447516414303e-01 4.620365296150942547e-02
1.941311378880592686e+00 3.616371015334746364e+00 4.263835305727988079e+00 9.170368603560277720e-02 -1.374495565101513661e-01 5.257915990517905008e-02
2.095057321338740230e+00 3.406830786025988989e+00 4.351041045133226426e+00 1.022857397360957266e-01 -1.269359244602627501e-01 5.744911771902357772e-02
2.265923690649517930e+00 3.214666724367966300e+00 4.444773184954565082e+00 1.133052675367480638e-01 -1.155261529492998540e-01 6.081357889832150060e-02
2.454630147396985596e+00 3.041297906402082418e+00 4.542645313823047815e+00 1.247953234779139164e-01 -1.032220797464523665e-01 6.267257969924440453e-02
2.661948757041526115e+00 2.888140389243918804e+00 4.642271064970788785e+00 1.367889732239076228e-01 -9.002567609714332009e-02 6.302614013920056213e-02
2.702684594583510513e+00 2.861428586451207234e+00 4.661010882855609161e+00 1.371735592882882548e-01 -8.962040272032044397e-02 6.300556020221467768e-02
2.928611608168642189e+00 2.730373736952876218e+00 4.759742428167251127e+00 1.478895837526477963e-01 -7.573941254921397193e-02 6.156493196843628585e-02
3.168940236215591622e+00 2.621428996848368165e+00 4.854987419959103434e+00 1.553443138237108057e-01 -6.172183868051950295e-02 5.860654379293493005e-02
3.418505783598702497e+00 2.534821729450619454e+00 4.944339953608279714e+00 1.595439962461782935e-01 -4.755398594477348861e-02 5.413036372977159116e-02
3.672153404465717585e+00 2.470800987007685467e+00 5.025394060876862135e+00 1.604948111922998577e-01 -3.322218433460961268e-02 4.813634346122314112e-02
3.924737996831568765e+00 2.429637471082077393e+00 5.095743683959797821e+00 1.582028724148520360e-01 -1.871278867042696151e-02 4.062441829733706711e-02
4.171124097415035870e+00 2.411623493459472467e+00 5.152982649531946180e+00 1.526742274005902789e-01 -4.012178266805574087e-03 3.159450717531966241e-02
4.406185776718929858e+00 2.417072937585621251e+00 5.194704642794023108e+00 1.439148575240553896e-01 1.089324340033923783e-02 2.104651265874158891e-02
4.624806534354339860e+00 2.446321220530280449e+00 5.218503181517140099e+00 1.319306782017013735e-01 2.601704902586368315e-02 8.980320936575815136e-03
4.821879194609531183e+00 2.499725255476993091e+00 5.221971590085730419e+00 1.167275390464449364e-01 4.137278780675736345e-02 -4.604198177891332192e-03
4.855943056283278381e+00 2.511895156110247385e+00 5.220552383930876950e+00 1.161729796314989321e-01 4.183497166223019981e-02 -5.099157371233449358e-03
5.025860450568755411e+00 2.590301983717393508e+00 5.200759181531461550e+00 9.822309614695860780e-02 5.710283502597361671e-02 -1.987410681444717539e-02
5.116379658761084137e+00 2.647334232925877107e+00 5.179191189149670471e+00 9.145964038132353702e-02 6.240932016095356721e-02 -2.532106558721313599e-02
5.246689086709952932e+00 2.757559420855014931e+00 5.127536482918669591e+00 7.296202068487926684e-02 7.667435469165495565e-02 -3.985214888861845356e-02
5.348712533895113808e+00 2.889678542214606072e+00 5.053761969562777345e+00 5.577035438827453867e-02 9.003229137659281289e-02 -5.322982819768445895e-02
5.424492719595097157e+00 3.042249478707231614e+00 4.959695854646623658e+00 3.985005194103697496e-02 1.024778130764329859e-01 -6.545424784608808166e-02
5.476017556115151841e+00 3.213821794297448964e+00 4.847166124806760124e+00 2.516655244165551253e-02 1.140057423436268563e-01 -7.652553972570556862e-02
5.505220193518141514e+00 3.402936956533593627e+00 4.718000567469622375e+00 1.168532277701218695e-02 1.246110412832002884e-01 -8.644382328988833852e-02
5.513979062991273494e+00 3.608128557652224178e+00 4.574026790567555345e+00 -6.281432382194456409e-04 1.342888114177169245e-01 -9.520920555461187540e-02
5.504117918848579372e+00 3.827922535471817156e+00 4.417072242253128778e+00 -1.180832572227012017e-02 1.430342935564082596e-01 -1.028217810995055576e-01
5.477405879168999014e+00 4.060837394082311036e+00 4.248964230611898429e+00 -2.188967958704184438e-02 1.508428676684703817e-01 -1.092816320687688414e-01
5.435557465069980942e+00 4.305384424337113103e+00 4.071529943373789706e+00 -3.090663539892257727e-02 1.577100527605258262e-01 -1.145888281720004592e-01
5.380232638616473828e+00 4.560067924154157737e+00 3.886596467623289808e+00 -3.889360023971423497e-02 1.636315067582480853e-01 -1.187434266848708675e-01
5.313036839365134156e+00 4.823385418632630817e+00 3.695990809508692632e+00 -4.588495856766062336e-02 1.686030263921517169e-01 -1.217454724496419699e-01
5.235521019543615928e+00 5.093827879991950525e+00 3.501539913950588723e+00 -5.191507307855014464e-02 1.726205470875516457e-01 -1.235949978756060580e-01
5.149181677864824280e+00 5.369879947339624593e+00 3.305070684349754817e+00 -5.701828556688793431e-02 1.756801428586871883e-01 -1.242920229393973397e-01
5.055460891976043314e+00 5.650020146274573385e+00 3.108410002294645924e+00 -6.122891778712034883e-02 1.777780262070087769e-01 -1.238365551851868251e-01
4.955746349542812901e+00 5.932721108332525972e+00 2.913384747268680020e+00 -6.458127231495565390e-02 1.789105480236308499e-01 -1.222285897247508413e-01
4.851371377967407028e+00 6.216449790280087484e+00 2.721821816357496093e+00 -6.710963340877863781e-02 1.790741974959501326e-01 -1.194681092374272890e-01
4.743614972741778679e+00 6.499667693264088442e+00 2.535548143956386280e+00 -6.884826787114091406e-02 1.782656020184266721e-01 -1.155550839699485965e-01
4.633701824434858452e+00 6.780831081822798367e+00 2.356390721478089034e+00 -6.983142591032527602e-02 1.764815271075294845e-01 -1.104894717361508266e-01
4.522802344314066580e+00 7.058391202765631256e+00 2.186176617061132088e+00 -7.009334200199217324e-02 1.737188763208491193e-01 -1.042712179165686676e-01
4.510023770775255514e+00 7.090075961444251007e+00 2.167165785833796043e+00 -7.002258693691397473e-02 1.737016888200983711e-01 -1.041808604691948914e-01
4.399009235316023947e+00 7.362363746005467391e+00 2.007367118262059158e+00 -7.004802730390868870e-02 1.698464106005504182e-01 -9.743857741960169905e-02
4.287630673329746678e+00 7.627765176048628248e+00 1.857962551958064035e+00 -7.048249139110808470e-02 1.650133644057635018e-01 -9.106652799817821498e-02
4.175212663474332508e+00 7.884731716431099713e+00 1.718365265027699262e+00 -7.136011692951353680e-02 1.592043059300400076e-01 -8.506464349025834315e-02
4.061025662919817592e+00 8.131717724124280622e+00 1.587988541336387005e+00 -7.271505175718670499e-02 1.524211284931062949e-01 -7.943285917273998353e-02
3.944285990645866047e+00 8.367180666411313084e+00 1.466245764182359634e+00 -7.458145467882480728e-02 1.446658630919255284e-01 -7.417111431344097783e-02
3.824155809376876825e+00 8.589581339170221597e+00 1.352550409970916911e+00 -7.699349632511728880e-02 1.359406784566587201e-01 -6.927935217050547323e-02
3.699743106155412686e+00 8.797384085249078112e+00 1.246316041889558246e+00 -7.998536001143526086e-02 1.262478811108417587e-01 -6.475751999189667540e-02
3.571967516255365904e+00 8.989225497797539433e+00 1.146936340444686619e+00 -8.123695522110054024e-02 1.158010296375602405e-01 -6.063075668992557593e-02
3.445434138115139433e+00 9.164072712431671874e+00 1.053765133783806762e+00 -7.841839081494017538e-02 1.048036079250795061e-01 -5.692420543736803618e-02
3.326579712022051716e+00 9.321039482223845596e+00 9.661363538663234607e-01 -7.154869320150301915e-02 9.323858212432860337e-02 -5.363782626363282346e-02
3.304913152611915983e+00 9.349292853956795213e+00 9.498652030489438403e-01 -7.115099002456841404e-02 9.284286401607487471e-02 -5.352672889445295873e-02
3.199548956871389294e+00 9.486909461207796213e+00 8.669463032464692631e-01 -6.179563498060886700e-02 8.078349571785305161e-02 -5.109280406271207720e-02
3.108515255967527313e+00 9.605254056290370102e+00 7.869946325272079157e-01 -5.307017513758014587e-02 6.852757513983293025e-02 -4.978294886840088640e-02
3.030809326196640008e+00 9.704017116464981996e+00 7.082283815191827703e-01 -4.497996560966688318e-02 5.607768239346058725e-02 -4.959714918977984471e-02
2.965419943169345096e+00 9.782893225846150287e+00 6.288657536266845094e-01 -3.753037667454849069e-02 4.343641903347752325e-02 -5.053540302865442563e-02
2.919883782895244639e+00 9.833542461469630069e+00 5.627111671532889492e-01 -3.294029915946281722e-02 3.493996260199775522e-02 -5.183751703072794065e-02
2.872542308860242866e+00 9.879263075673510031e+00 4.787286147132983061e-01 -2.679852910157437887e-02 2.274234936725117590e-02 -5.412403617068305833e-02
2.834224380148106626e+00 9.906740194388362397e+00 3.913278224433597297e-01 -2.155433920904227876e-02 1.192252953041522331e-02 -5.615034143380878001e-02
2.803546010318157311e+00 9.918160700234523119e+00 3.009212514106199832e-01 -1.715875727175185383e-02 2.484096397185681353e-03 -5.791645467944191161e-02
2.779200825976647415e+00 9.915717015268992185e+00 2.079213302567389232e-01 -1.356283041899560872e-02 -5.569554166262396210e-03 -5.942239495977848229e-02
2.759960037096036434e+00 9.901606788087663702e+00 1.127404596474863713e-01 -1.071762388908634005e-02 -1.223522364107688422e-02 -6.066817852005828432e-02
2.744672409284659498e+00 9.878032581069000173e+00 1.579101672206636997e-02 -8.574219798914789470e-03 -1.750991076947916100e-02 -6.165381879872446763e-02
2.732264238006864687e+00 9.847201557749704293e+00 -8.251464045779616230e-02 -7.083715913471760016e-03 -2.139081147446371747e-02 -6.237932642756337936e-02
2.721739324753668754e+00 9.811325170322971800e+00 -1.817641684589578754e-01 -6.197224415335145058e-03 -2.387531878544309899e-02 -6.284470923180367208e-02
2.712178955164015637e+00 9.772618847249891161e+00 -2.815452340280908961e-01 -5.865870674094664228e-03 -2.496102276983907728e-02 -6.304997223018281305e-02
2.709470876683505391e+00 9.761108164044312474e+00 -3.106148643409042398e-01 -5.881674984013079283e-03 -2.497188617325606097e-02 -6.305299012079977616e-02
