3.697223734136858120e+00 6.068343437137860619e+00 4.035185780544386702e+00 -1.336696570263686597e-03 6.494320532174815974e-03 -1.495726620807854082e-03
3.695167497816541857e+00 6.078505943785745380e+00 4.032836724396578809e+00 -1.290560373874731796e-03 6.490281343990332401e-03 -1.505660524098631275e-03
3.693181184115261750e+00 6.088648073007948192e+00 4.030470133677022559e+00 -1.247367426887769802e-03 6.468286112704816140e-03 -1.518130528983139540e-03
3.691260569589595697e+00 6.098741485545005503e+00 4.028081898113066828e+00 -1.206627709499862771e-03 6.428037564262232585e-03 -1.533316124326476043e-03
3.689402167767728447e+00 6.108757168156648376e+00 4.025667595882652883e+00 -1.167889776195482100e-03 6.368971851441466991e-03 -1.551435887685205604e-03
3.687603172317855726e+00 6.118665010201005394e+00 4.023222429965816360e+00 -1.130736225768385131e-03 6.290250692840483604e-03 -1.572750631569665202e-03
3.685861406868066847e+00 6.128433364788067550e+00 4.020741159095477357e+00 -1.094779735149056799e-03 6.190749524778782660e-03 -1.597567157647626548e-03
3.684175280616670101e+00 6.138028588135890473e+00 4.018218022313629234e+00 -1.059659629680494066e-03 6.069041499371833660e-03 -1.626242672928371194e-03
3.682543748907573189e+00 6.147414550450002402e+00 4.015646656046957474e+00 -1.025038971673877027e-03 5.923377101987863103e-03 -1.659189931494941877e-03
3.680966277966477129e+00 6.156552111241984981e+00 4.013020002508258521e+00 -9.906021584549313998e-04 5.751659098053135168e-03 -1.696883175796082060e-03
3.679442812999796697e+00 6.165398551496491741e+00 4.010330208105143512e+00 -9.560530308437100756e-04 5.551412451817116199e-03 -1.739864963018461670e-03
3.677973748848766267e+00 6.173906954479811304e+00 4.007568510393729078e+00 -9.211135032694184235e-04 5.319748787255832584e-03 -1.788753974799868777e-03
3.676559902365093002e+00 6.182025526248861702e+00 4.004725111950066641e+00 -8.855227376969117183e-04 5.053324882740973731e-03 -1.844253922698504966e-03
3.675202485630540306e+00 6.189696846056502721e+00 4.001789039343789156e+00 -8.490368954401130699e-04 4.748294605307479613e-03 -1.907163677606162934e-03
3.673903079079317902e+00 6.196857035845282802e+00 3.998747985184010645e+00 -8.114295139893341804e-04 4.400253596084335340e-03 -1.978388768910833203e-03
3.672663603497109630e+00 6.203434836862600221e+00 3.995588130963835027e+00 -7.724925704398799596e-04 4.004175914362891400e-03 -2.058954418930812342e-03
3.671486289761593191e+00 6.209350580099400219e+00 3.992293948153455840e+00 -7.320383092647428976e-04 3.554341732374895896e-03 -2.150020300241507320e-03
3.670373645053435219e+00 6.214515035732853576e+00 3.988847974678722874e+00 -6.899019303469818877e-04 3.044255044488921279e-03 -2.252897228315930631e-03
3.669328414100607283e+00 6.218828125019299158e+00 3.985230563567747630e+00 -6.459452537417860289e-04 2.466550211374748079e-03 -2.369066029757259124e-03
3.668353533818340839e+00 6.222177476112285888e+00 3.981419600147502624e+00 -6.000615009871133800e-04 1.812885999685986743e-03 -2.500198857717911369e-03
3.667452079467453885e+00 6.224436803043662536e+00 3.977390183719658800e+00 -5.521813593942761708e-04 1.073825598687581104e-03 -2.648183261325042902e-03
3.666627200169550793e+00 6.225464084571489032e+00 3.973114269133621423e+00 -5.022805261599132959e-04 2.387008944509317525e-04 -2.815149355574241355e-03
3.665884005703847315e+00 6.225152007178597735e+00 3.968568893543316101e+00 -4.478378180818735942e-04 -6.374754886204531037e-04 -2.992473369085559259e-03
3.665231982984280545e+00 6.223478888132242481e+00 3.963744476320124388e+00 -3.857821284740757658e-04 -1.500306097644498902e-03 -3.171680624790344967e-03
3.664683796474281330e+00 6.220455837442137259e+00 3.958636050701561437e+00 -3.151657051158248952e-04 -2.362287808523584262e-03 -3.355350666721606742e-03
3.664253619061427880e+00 6.216074407646168254e+00 3.953234561853275597e+00 -2.350089825605251133e-04 -3.235912337949271942e-03 -3.546127276972294972e-03
3.663957192519935013e+00 6.210306460742548218e+00 3.947526736532084968e+00 -1.442870664257582818e-04 -4.133846590856497458e-03 -3.746756531009627720e-03
3.663811908598634925e+00 6.203103750769223268e+00 3.941494892028093222e+00 -4.191689751152193332e-05 -5.069115629927946516e-03 -3.960126325427448454e-03
3.663821442175712040e+00 6.198945112867706442e+00 3.938447619546535883e+00 6.707928897685859558e-05 -6.030306862029072290e-03 -4.173033050491475188e-03
3.664021248847419976e+00 6.188722352119169656e+00 3.931739883433178928e+00 1.875987878580998611e-04 -7.031384040597559067e-03 -4.397435969942752737e-03
3.664421896126853539e+00 6.176870507363107166e+00 3.924663584246993242e+00 3.236447206209088585e-04 -8.111796312430780143e-03 -4.643945791298772184e-03
3.665048731035464691e+00 6.163253112934977018e+00 3.917181340641717302e+00 4.765404838257204963e-04 -9.287236422907702710e-03 -4.916110826710445338e-03
3.665587495957174813e+00 6.153710344532867360e+00 3.912304416562801812e+00 6.394986720722329980e-04 -1.048850410489441526e-02 -5.190439984753530273e-03
3.666709009457392643e+00 6.136375317296629994e+00 3.903967241296227186e+00 7.927397728798000771e-04 -1.166054662694225759e-02 -5.461962127163619805e-03
3.667262184455770235e+00 6.128629248795074425e+00 3.900426156592128990e+00 9.542207795588525648e-04 -1.280603562922289981e-02 -5.722820714221790207e-03
3.668861611846348403e+00 6.107745503314266244e+00 3.891273916126420485e+00 1.088710526307256786e-03 -1.387719930395379248e-02 -5.970989545058500401e-03
3.670654442793165551e+00 6.085267994616552656e+00 3.881747123614442518e+00 1.201397744739795539e-03 -1.484237278723547077e-02 -6.201385561562631696e-03
3.672608399412960356e+00 6.061351861452654255e+00 3.871871003512179943e+00 1.294637564918136100e-03 -1.571531719614791683e-02 -6.417325125338717469e-03
3.674694594668934222e+00 6.036131729984838046e+00 3.861665751993282214e+00 1.370408150479644196e-03 -1.650848010715007599e-02 -6.621916507063068009e-03
3.676886971775283008e+00 6.009723631534342303e+00 3.851146827658158411e+00 1.430348249679147705e-03 -1.723317235535977085e-02 -6.818104629569379446e-03
3.679161797570409842e+00 5.982226656207784821e+00 3.840325174047783285e+00 1.475788610073408905e-03 -1.789972869881696280e-02 -7.008713457818793041e-03
3.681497200694700656e+00 5.953724365879591751e+00 3.829207377168291071e+00 1.507777819176805457e-03 -1.851765462148465338e-02 -7.196486645600920148e-03
3.683874152714651018e+00 5.924299140241838124e+00 3.817805645921654278e+00 1.528910449242497013e-03 -1.907895606308096861e-02 -7.371496169649132367e-03
3.686277627912504240e+00 5.894046494590033269e+00 3.806147873474014176e+00 1.541706689091423789e-03 -1.957484368352293419e-02 -7.523630281556584372e-03
3.688695081377807217e+00 5.863063274003465608e+00 3.794268153129750853e+00 1.546806323672704920e-03 -2.001240660348354780e-02 -7.655078818103854682e-03
3.691114843965862313e+00 5.831435881577739622e+00 3.782197383449646733e+00 1.544689048499960039e-03 -2.039789732183668047e-02 -7.767733863827439890e-03
3.693525881720812087e+00 5.799241518350599200e+00 3.769963713012939532e+00 1.535687208571217361e-03 -2.073682071441613692e-02 -7.863216983392028528e-03
3.694193094525601850e+00 5.790237145793715179e+00 3.766557371215242256e+00 1.557974191096599863e-03 -2.101433179256279385e-02 -7.931185022805290960e-03
3.696614557076412844e+00 5.757164446396216384e+00 3.754100899817504278e+00 1.535789800825949902e-03 -2.124262787862923885e-02 -7.984438432573589747e-03
3.698996658894147416e+00 5.723761418110636434e+00 3.741572068452301281e+00 1.507704174478507282e-03 -2.143638924028324136e-02 -8.023639294857805651e-03
3.701330037871631617e+00 5.690079966987348747e+00 3.728992432154977443e+00 1.473556124959040075e-03 -2.159836488985755060e-02 -8.049351853355963746e-03
3.703604996401089533e+00 5.656168055790622873e+00 3.716382814699185300e+00 1.433078452489073076e-03 -2.173084408479187754e-02 -8.061946196845280049e-03
3.705811334978205362e+00 5.622070398442949646e+00 3.703763608340957525e+00 1.385897345984439316e-03 -2.183568854584040653e-02 -8.061603586262316989e-03
3.707938183494063900e+00 5.587829108866454675e+00 3.691155067350828656e+00 1.331530031269306845e-03 -2.191435850461505297e-02 -8.048319064628979211e-03
3.709973827478827424e+00 5.553484313601605216e+00 3.678577599558986222e+00 1.269380676260024616e-03 -2.196793293670238137e-02 -8.021901385881753319e-03
3.711905526555671742e+00 5.519074737086035576e+00 3.666052060111252064e+00 1.198734536231728202e-03 -2.199712425962841930e-02 -7.981970261255563748e-03
3.713719322315232940e+00 5.484638268097170588e+00 3.653600051664618320e+00 1.118750294402268142e-03 -2.200228770077822596e-02 -7.927950885098072539e-03
3.715399832729327834e+00 5.450212515609393904e+00 3.641244235342974811e+00 1.028450525770516081e-03 -2.198342545336831946e-02 -7.859065660761103966e-03
3.716325702906841055e+00 5.429675820935316644e+00 3.633935284232562957e+00 9.502650651756015115e-04 -2.190572213496202666e-02 -7.760965533821284797e-03
3.717725243040792105e+00 5.395491964637908033e+00 3.621882730180251198e+00 8.380110867024803158e-04 -2.177090687632274313e-02 -7.638573055175618479e-03
3.718938628828920567e+00 5.361540738563461694e+00 3.610036653856695477e+00 7.124325007367633992e-04 -2.160848241632922981e-02 -7.497149106369369737e-03
3.719943749452822690e+00 5.327867272666049203e+00 3.598428438757673486e+00 5.719290176437720691e-04 -2.141600365228383401e-02 -7.334657960488251069e-03
3.720715835647356862e+00 5.294520872984382898e+00 3.587092892269878153e+00 4.147045017840832572e-04 -2.119057978507318807e-02 -7.148760641786598355e-03
3.721227135513908379e+00 5.261555753089131926e+00 3.576068746701037249e+00 2.387444764591190559e-04 -2.092883112827136072e-02 -6.936781257568856371e-03
3.721459200727324390e+00 5.229023250727666827e+00 3.565391662162207265e+00 5.794418386995208006e-05 -2.063782158096426345e-02 -6.705321043740163599e-03
3.721415228246524265e+00 5.196963881398273699e+00 3.555087185228440472e+00 -1.139352403772907440e-04 -2.032431474451349557e-02 -6.460700821188109476e-03
3.721107380676411225e+00 5.165416351525988325e+00 3.545178671311929097e+00 -2.791926235505689190e-04 -1.998384860282832048e-02 -6.199399416044523020e-03
3.720544323674207732e+00 5.134426669040190738e+00 3.535695175495303655e+00 -4.399969418410248825e-04 -1.961155612292276099e-02 -5.917655537855239477e-03
3.719909806642158312e+00 5.110480370905303715e+00 3.528582362790743776e+00 -5.877681121973118939e-04 -1.918342684161290085e-02 -5.605708400857143531e-03
3.718867153134923775e+00 5.080836445722921368e+00 3.520076441694855784e+00 -7.441293331736595091e-04 -1.869250710623455297e-02 -5.262300121034516748e-03
3.717578873752156010e+00 5.052000405610314715e+00 3.512134619173820749e+00 -9.015734888555214073e-04 -1.815119178219535764e-02 -4.884960106866225761e-03
3.716041803523231213e+00 5.024057253134542655e+00 3.504814260114437641e+00 -1.061973791823841865e-03 -1.755166315386547798e-02 -4.468256757459224127e-03
3.714266027765373845e+00 4.997073201261624575e+00 3.498151711994029966e+00 -1.206551491582493829e-03 -1.692575908978068838e-02 -4.044475600840737907e-03
3.712290983699203739e+00 4.971064796467237201e+00 3.492132865055657120e+00 -1.316582259604228908e-03 -1.630510054057982688e-02 -3.645800276491231208e-03
3.710169496009607659e+00 4.946030635142157017e+00 3.486722912256237095e+00 -1.393660481469274513e-03 -1.568098888782453945e-02 -3.266492050738939706e-03
3.709822408882295530e+00 4.942244336467025434e+00 3.485964530326223443e+00 -1.422572162111845418e-03 -1.504135772094452109e-02 -2.887083372769971498e-03
3.707567469125575332e+00 4.919226582909329792e+00 3.481736684121568448e+00 -1.458152357052730583e-03 -1.436839389580233869e-02 -2.514832312017371840e-03
3.705281392075555402e+00 4.897286371999621579e+00 3.478089112165211549e+00 -1.462337361271486003e-03 -1.366460124756573372e-02 -2.145667433867053369e-03
3.703013475092247653e+00 4.876479719481755737e+00 3.475021142658552886e+00 -1.434924197167519906e-03 -1.292006625613649137e-02 -1.774274729644684462e-03
3.700811828026566719e+00 4.856860099751431292e+00 3.472514907378967397e+00 -1.377647298873787337e-03 -1.214794833072192076e-02 -1.427940065125420837e-03
3.698722085773859192e+00 4.838460711336224129e+00 3.470509544901454912e+00 -1.291934231351025367e-03 -1.136099471832915930e-02 -1.134309954525178311e-03
3.696789840568906360e+00 4.821313488099352007e+00 3.468925864264739811e+00 -1.176397267726451935e-03 -1.054807576267349778e-02 -8.891575173396322994e-04
3.696100715554488936e+00 4.814986223225853124e+00 3.468438525444113907e+00 -1.028231316506854039e-03 -9.695878247334152947e-03 -6.700701597100133756e-04
3.694621788478015922e+00 4.800520226538246504e+00 3.467536132954871952e+00 -8.608366241419546138e-04 -8.787422125015730001e-03 -4.829159957707761046e-04
3.693433873140051116e+00 4.787525131883890950e+00 3.466896094088238733e+00 -6.563670730077172076e-04 -7.816530151914158689e-03 -3.348611477620258591e-04
3.692578248732597768e+00 4.776080176370007813e+00 3.466441874866031281e+00 -4.362444404610318167e-04 -6.806819651987620554e-03 -2.454943860016229359e-04
3.692234626090266758e+00 4.769499176832483478e+00 3.466198771719594340e+00 -2.203073089474890008e-04 -5.775535488895283676e-03 -2.192964359620305098e-04
3.692058043081969831e+00 4.761295057678436748e+00 3.465822969120194941e+00 -4.656431454871535884e-06 -4.706996393096479596e-03 -2.608662421039697446e-04
3.692219803443445691e+00 4.754799715567723517e+00 3.465320007581189188e+00 2.120226304975608689e-04 -3.592232452833770805e-03 -3.817673105091588370e-04
3.692724294940659568e+00 4.750098068963219511e+00 3.464564366954311581e+00 4.332896190915380219e-04 -2.415195261824733524e-03 -5.837141088238299814e-04
3.693591104379115198e+00 4.747262047836275478e+00 3.463440544851585923e+00 6.749746948502316664e-04 -1.208536154815745582e-03 -8.521924851628001141e-04
3.694851177252893581e+00 4.746274708427267619e+00 3.461876389986664915e+00 9.357310630979295265e-04 -5.314717050015233815e-05 -1.146326923833090134e-03
3.696457320171721239e+00 4.747002313557086239e+00 3.459929557763504082e+00 1.200488465782258238e-03 1.020440198556655338e-03 -1.442248897345608984e-03
3.698550504288419916e+00 4.749387815527848389e+00 3.457435220961992961e+00 1.474592836443424119e-03 2.027346205266268575e-03 -1.744763221588738330e-03
3.701082338145358808e+00 4.753307639307415400e+00 3.454458683239545191e+00 1.760918701504830992e-03 2.980834982229032832e-03 -2.058356625000052047e-03
3.704074920138813010e+00 4.758688847927555976e+00 3.450979075563655130e+00 2.063266587652198402e-03 3.894547122149317944e-03 -2.387535295241155833e-03
3.704405022398342240e+00 4.759340455898834144e+00 3.450596162069761608e+00 2.337069108813713460e-03 4.791409953136605178e-03 -2.716724449070606444e-03
3.708292747771718023e+00 4.767499798155621527e+00 3.446085618233046155e+00 2.630797507014726033e-03 5.633597557922588074e-03 -3.046393772127969739e-03
3.712618642166604754e+00 4.776919708023524613e+00 3.441063545068002494e+00 2.896872649327297648e-03 6.402053618258319104e-03 -3.370305059189588216e-03
3.717342030478770543e+00 4.787493593184614760e+00 3.435535308275918798e+00 3.138637363628073076e-03 7.108046212122414928e-03 -3.693118630038687029e-03
3.717553924561833423e+00 4.787982533130658247e+00 3.435282610507816248e+00 3.318828347607146855e-03 7.792338378063942347e-03 -4.007817100978291157e-03
3.722904755182502967e+00 4.800668857006571422e+00 3.428766376256008996e+00 3.518315044404247798e-03 8.416849432576653869e-03 -4.317970145451955136e-03
3.728523291677448448e+00 4.814267392925732025e+00 3.421778654250524632e+00 3.660825042460579253e-03 8.957906304712682025e-03 -4.610236623469158440e-03
3.734321498362243030e+00 4.828653937238074789e+00 3.414344150923933618e+00 3.747833534467434179e-03 9.423721504497698312e-03 -4.888822278979939977e-03
3.740213066175315237e+00 4.843716285888904238e+00 3.406481143475170725e+00 3.780070763546020639e-03 9.821414857243776497e-03 -5.157735994663882606e-03
3.746112248914879927e+00 4.859352608623959568e+00 3.398201742923498969e+00 3.757525047974203010e-03 1.015712159365821446e-02 -5.420847410632793732e-03
3.751932696471851347e+00 4.875469981287739785e+00 3.389512068582996918e+00 3.679435909516575332e-03 1.043608626149589852e-02 -5.681942483655479104e-03
3.757586269649242361e+00 4.891983055137604453e+00 3.380412336738233936e+00 3.544277410303877437e-03 1.066274388491980293e-02 -5.944777553005532907e-03
3.763008015802406625e+00 4.908812783070669816e+00 3.370917060417615740e+00 3.383200445803715827e-03 1.084069096629338390e-02 -6.187329341341410958e-03
3.768186541692589042e+00 4.925884975707437441e+00 3.361077541824908810e+00 3.233486399472238534e-03 1.097253394784944956e-02 -6.384615626329668420e-03
3.773142756824097610e+00 4.943128875694876356e+00 3.350964501966805731e+00 3.099126627334397761e-03 1.106007193856370190e-02 -6.536807241468742952e-03
3.777898927286692299e+00 4.960476036649129838e+00 3.340646814561616385e+00 2.977862689250142161e-03 1.110446239345332098e-02 -6.646093632138434099e-03
3.782473936385873259e+00 4.977859349702479896e+00 3.330190409203557689e+00 2.867630467383705008e-03 1.110625668189460513e-02 -6.714047057936302354e-03
3.786883562560241501e+00 4.995212099973090680e+00 3.319659219958235763e+00 2.766526620864005661e-03 1.106540673131514371e-02 -6.741644944561179034e-03
3.791140706257326798e+00 5.012467026859931174e+00 3.309116105517662110e+00 2.672776910167890246e-03 1.098126326980186813e-02 -6.729283870288422023e-03
3.795255568577565963e+00 5.029555374982199289e+00 3.298623753977396600e+00 2.584706241684413784e-03 1.085256562890575538e-02 -6.676785227791488982e-03
3.799235784048351050e+00 5.046405922428743196e+00 3.288245585226380552e+00 2.500710009827690917e-03 1.067742294903859662e-02 -6.583392612583926704e-03
3.801932501433189948e+00 5.058038891001313431e+00 3.281072718980834413e+00 2.396338484184102561e-03 1.044769178636770213e-02 -6.442283217559719409e-03
3.805613989675424413e+00 5.074163480959038353e+00 3.271134601841394485e+00 2.307321420042374345e-03 1.015474431587734538e-02 -6.255641033725310024e-03
3.809155251342089876e+00 5.089785313364436625e+00 3.261525391042551014e+00 2.217136200572732228e-03 9.805319403203708109e-03 -6.022039851531649744e-03
3.812553104356198208e+00 5.104812052138750111e+00 3.252321224904241692e+00 2.124050309352497334e-03 9.394395230393296284e-03 -5.738115797738817074e-03
3.815801592100656947e+00 5.119142816817152664e+00 3.243604074649002023e+00 2.026250694499851564e-03 8.916076506597777826e-03 -5.399780050642921138e-03
3.818898509576012845e+00 5.132689197315836616e+00 3.235447581472544520e+00 1.930360881856240697e-03 8.392186739737171955e-03 -5.021764700501282590e-03
3.821852200769089158e+00 5.145396383279872587e+00 3.227902776599380630e+00 1.843235351715074742e-03 7.843832638628853160e-03 -4.618226399016102726e-03
3.824675479545584178e+00 5.157219846563193322e+00 3.221014256191556679e+00 1.763712930474700073e-03 7.263049992750712086e-03 -4.183230568607668350e-03
3.827392394335273451e+00 5.168102202402614864e+00 3.214841615743991188e+00 1.707308888905366244e-03 6.641365873087229886e-03 -3.703547151343882047e-03
3.829079475987700931e+00 5.174416956324161099e+00 3.211401042235225489e+00 1.662097677892583397e-03 5.971336518218548634e-03 -3.168432992116942092e-03
3.831681202916579210e+00 5.183190525511623292e+00 3.206905755348458342e+00 1.661680340546499868e-03 5.238649184198201567e-03 -2.575191436441536669e-03
3.834311342606699036e+00 5.190761875093074629e+00 3.203397539924015991e+00 1.698357230410585958e-03 4.435238272966500299e-03 -1.907252581045098009e-03
3.837021819287286029e+00 5.197044148262671470e+00 3.200960311668533009e+00 1.764302237055476522e-03 3.591578844932778476e-03 -1.206791994702403805e-03
3.837152353345142153e+00 5.197276103562577632e+00 3.200897645149450632e+00 1.804784935209050424e-03 2.750629050315020474e-03 -5.066595403178780202e-04
3.840044581546231406e+00 5.200906360568711584e+00 3.200649818017143211e+00 1.890086725313496136e-03 1.887696303547406517e-03 1.900110133077176876e-04
3.843071938736301263e+00 5.203190274951484895e+00 3.201460545239799504e+00 1.977442797745276350e-03 1.030406417560511762e-03 8.458545050093317121e-04
3.846221691678754606e+00 5.204158811200378487e+00 3.203232805996937049e+00 2.046492703992367022e-03 2.070494941426503845e-04 1.418561634578583081e-03
3.849466132794429285e+00 5.203855898553851667e+00 3.205842917942195225e+00 2.098439573095408923e-03 -5.941127625847849713e-04 1.916376292116889722e-03
3.852779177749400930e+00 5.202307336414424555e+00 3.209179259248385208e+00 2.134154489368488960e-03 -1.384506336055896193e-03 2.346464303141322736e-03
3.856135856975257514e+00 5.199521156184792936e+00 3.213140661837591061e+00 2.154190797258955740e-03 -2.175407213094846318e-03 2.715016589145081895e-03
3.859511825052322376e+00 5.195487730652660119e+00 3.217634955102377514e+00 2.158792621267898327e-03 -2.978101621415502314e-03 3.027338289410427125e-03
3.862888547871719869e+00 5.190212204770625171e+00 3.222574169176399828e+00 2.155166413646433105e-03 -3.762433222263951091e-03 3.283491548156942073e-03
3.866258892641390332e+00 5.183747086096193613e+00 3.227869798678210778e+00 2.150673316290337752e-03 -4.498043270220940422e-03 3.482729993950812661e-03
3.869621706497712310e+00 5.176160344582867445e+00 3.233434998696949503e+00 2.145567582898343876e-03 -5.195529847936697365e-03 3.627921580153928901e-03
3.872976168021732502e+00 5.167503789706197281e+00 3.239186804682522069e+00 2.140018783502716307e-03 -5.864943056222865839e-03 3.721156287225746862e-03
3.876321659405499886e+00 5.157813815316816708e+00 3.245044938220216224e+00 2.134117750008096906e-03 -6.515929282984301088e-03 3.763776207718130817e-03
3.877185637283616426e+00 5.155042323895490775e+00 3.246574440006649631e+00 2.124183271750023933e-03 -7.144281659392937543e-03 3.774879297826226002e-03
3.880500047636960659e+00 5.143369063858679979e+00 3.252459308957077244e+00 2.110256146818521340e-03 -7.770628937827555975e-03 3.744213012397901857e-03
3.883792219317607763e+00 5.130708345318878649e+00 3.258256821425275174e+00 2.095763388097531162e-03 -8.405956601669319420e-03 3.663263990958045592e-03
3.887061029783814181e+00 5.117038947600478949e+00 3.263887357229831476e+00 2.080396367692777249e-03 -9.059417338271759726e-03 3.530867063974994172e-03
3.890304810282751991e+00 5.102325120600257335e+00 3.269268892730325060e+00 2.063765660232458506e-03 -9.740422653839651140e-03 3.345116503342965807e-03
3.893527201151333550e+00 5.086549967934328897e+00 3.274330948505626893e+00 2.053070479835920285e-03 -1.041547631561748170e-02 3.122668076844280390e-03
3.894771016824988941e+00 5.080056282672855694e+00 3.276149532927318475e+00 2.056187648364040093e-03 -1.103881854211289162e-02 2.885698796020876294e-03
3.897989807870008594e+00 5.062315373434335797e+00 3.280460248304100546e+00 2.056101301973630412e-03 -1.162873324304546964e-02 2.622098763136333863e-03
3.901219508204956110e+00 5.043668210919450168e+00 3.284336607794617446e+00 2.070139910680715220e-03 -1.219674662798435685e-02 2.330722630565847716e-03
3.904482492701906615e+00 5.024142587402931071e+00 3.287731850527408017e+00 2.098636857868389684e-03 -1.275115135668393289e-02 2.007376269940252828e-03
3.907801774220621471e+00 5.003753465807400325e+00 3.290592290333881564e+00 2.142074036109595670e-03 -1.330004691810983755e-02 1.647405363073490983e-03
3.911201242344452655e+00 4.982503189827438561e+00 3.292856542972514511e+00 2.201089789385667767e-03 -1.385145750146979382e-02 1.245628406576366901e-03
3.914705915640830813e+00 4.960381510348767620e+00 3.294454642545080691e+00 2.276488251868674911e-03 -1.441344884568485953e-02 7.962621279923808547e-04
3.918329875638663307e+00 4.937400478781742486e+00 3.295349927164858528e+00 2.353518450469304843e-03 -1.494945228478903980e-02 3.476423084089459541e-04
3.922064386947021752e+00 4.913629780389253021e+00 3.295581404012344340e+00 2.417778473123802056e-03 -1.542239795146748381e-02 -5.188452712485488061e-05
3.925890533038065566e+00 4.889162854909930189e+00 3.295221418035898964e+00 2.470634878197943817e-03 -1.583901431768703141e-02 -4.080692645533184329e-04
3.927297912101125554e+00 4.880154975862850186e+00 3.294900760757507374e+00 2.533179189030528630e-03 -1.618822131627885644e-02 -7.320172481311817882e-04
3.931287356512546349e+00 4.854581696996959295e+00 3.293515809605754630e+00 2.563953071744045926e-03 -1.648676461557457493e-02 -1.037533721126189783e-03
3.935318637995319335e+00 4.828573362200367036e+00 3.291675446725871090e+00 2.586659766841174161e-03 -1.674408712904088339e-02 -1.313896445751042792e-03
3.939379614047239464e+00 4.802191636855596357e+00 3.289422193447202769e+00 2.601916922950759346e-03 -1.696384097599749896e-02 -1.565083450545386255e-03
3.943459005109235527e+00 4.775492890241971544e+00 3.286792627860780858e+00 2.610209804657399359e-03 -1.714914078449355020e-02 -1.794710377770403426e-03
3.947546195809859881e+00 4.748529002474549010e+00 3.283817911334415474e+00 2.611902083537765828e-03 -1.730260765496308140e-02 -2.006082528053923682e-03
3.951631051491601987e+00 4.721348108136668387e+00 3.280524237057965475e+00 2.607244577048775831e-03 -1.742640608184540738e-02 -2.202242437727818056e-03
3.955703746944632115e+00 4.693995287224383972e+00 3.276933207075391152e+00 2.596382111083965320e-03 -1.752227435039534209e-02 -2.386013673871397681e-03
3.959754604524949873e+00 4.666513213283670858e+00 3.273062143230684118e+00 2.579358651629194091e-03 -1.759154883359191276e-02 -2.560041477451395139e-03
3.963773939039895833e+00 4.638942768023794017e+00 3.268924336503535422e+00 2.556120823308341908e-03 -1.763518252761319891e-02 -2.726830839566881260e-03
3.967751906948199014e+00 4.611323631225463515e+00 3.264529238323769178e+00 2.526519906907992354e-03 -1.765375808129096905e-02 -2.888782558886237965e-03
3.971678357547527849e+00 4.583694854423976395e+00 3.259882596618342010e+00 2.490312384556297998e-03 -1.764749549643002818e-02 -3.048227799365191368e-03
3.975542683912675734e+00 4.556095426630522027e+00 3.254986538549241359e+00 2.447159079150911486e-03 -1.761625459948474096e-02 -3.207461645530977189e-03
3.979333671404234440e+00 4.528564840256220414e+00 3.249839601133376554e+00 2.396622913928472126e-03 -1.755953230998105394e-02 -3.368776138323625099e-03
3.983039341592625071e+00 4.501143665422404183e+00 3.244436710185294892e+00 2.338165298327853428e-03 -1.747645465617140431e-02 -3.534493267148333499e-03
3.986646789436891769e+00 4.473874140977375902e+00 3.238769107279649617e+00 2.271141127036962505e-03 -1.736576341265506918e-02 -3.706998392941106713e-03
3.990142011523354793e+00 4.446800790796161529e+00 3.232824223682553288e+00 2.194792361549093278e-03 -1.722579715782086851e-02 -3.888774582913857164e-03
3.993509723103828346e+00 4.419971074321330740e+00 3.226585499437396365e+00 2.108240141406582131e-03 -1.705446646570684191e-02 -4.082438351905966038e-03
3.996733161578570837e+00 4.393436080801634169e+00 3.220032144998480117e+00 2.010475357203635443e-03 -1.684922288051263900e-02 -4.290777327646019650e-03
3.999793873941960953e+00 4.367251277342024451e+00 3.213138841979781279e+00 1.900347590868597253e-03 -1.660702118629852134e-02 -4.516790378033642278e-03
4.002671485552246722e+00 4.341477321698071101e+00 3.205875378714078572e+00 1.776552317598839408e-03 -1.632427441234787432e-02 -4.763730776608783232e-03
4.005343447409162927e+00 4.316180951680069100e+00 3.198206215377731532e+00 1.637616248267165448e-03 -1.599680094246799800e-02 -5.035153030989363530e-03
4.006925222257258667e+00 4.300220704897140145e+00 3.192976472145945266e+00 1.494107062776711290e-03 -1.560090967527699019e-02 -5.318583573890534912e-03
4.009128814336141211e+00 4.276165068907351596e+00 3.184412959139341304e+00 1.321710275611149166e-03 -1.513485980651316058e-02 -5.623010085859981785e-03
4.011046638708677392e+00 4.252887655943447420e+00 3.175344081606203961e+00 1.129019724970651423e-03 -1.460656199350852079e-02 -5.964287421728851034e-03
4.012657281554322886e+00 4.230464692360316192e+00 3.165734063811807442e+00 9.292458301499600427e-04 -1.404312586116587477e-02 -6.314424561094709662e-03
4.013959738992398663e+00 4.208930275721294301e+00 3.155590844935658001e+00 7.352562056232378332e-04 -1.347126951218249533e-02 -6.645558013714723128e-03
4.014068092813437794e+00 4.206732580876781924e+00 3.154456417321859885e+00 5.640228851429053298e-04 -1.288066452074127476e-02 -6.957046706125617763e-03
4.014801335186349185e+00 4.187050442798859073e+00 3.143324979623994597e+00 3.732183358827515472e-04 -1.226707731630149838e-02 -7.265582259924267469e-03
4.015234501572543913e+00 4.168355357365117086e+00 3.131714744176041787e+00 1.806364833621993294e-04 -1.161950670464571150e-02 -7.568806205132345977e-03
4.015374911165766392e+00 4.150674014657960598e+00 3.119644286380093501e+00 -8.371379396215433323e-07 -1.097182551032992864e-02 -7.853607982664146531e-03
4.015324273574981007e+00 4.143826900168360972e+00 3.114517247569584146e+00 -1.565443601250300545e-04 -1.033081513056428521e-02 -8.097587474472211361e-03
4.014963398019315122e+00 4.128159748194321743e+00 3.101674005830516112e+00 -3.041510297195056741e-04 -9.687007288115530648e-03 -8.312212133990064949e-03
4.014386751801281683e+00 4.113488167694463016e+00 3.088514529171861422e+00 -4.322442494393446445e-04 -9.058785889649246387e-03 -8.501640576098746377e-03
4.013623364303944285e+00 4.099794740868624388e+00 3.075076123543257989e+00 -5.427545778919495726e-04 -8.437231576626604002e-03 -8.668599453861728504e-03
4.012699492705813498e+00 4.087075946623608402e+00 3.061392079966311464e+00 -6.372935550562518680e-04 -7.813508087285135975e-03 -8.815491984523610158e-03
4.011639102961735759e+00 4.075342128411150178e+00 3.047492153731844677e+00 -7.171771130807300500e-04 -7.178737142109576849e-03 -8.944432551207647658e-03
4.010464318197207945e+00 4.064617658506237241e+00 3.033402992695346523e+00 -7.834438009082484540e-04 -6.523872569805703493e-03 -9.057277138409871101e-03
4.009198354003590481e+00 4.054903258581735948e+00 3.019158178803313497e+00 -8.336889073895960419e-04 -5.888181020923164387e-03 -9.143310079148319822e-03
4.007868097852856692e+00 4.046137952650557423e+00 3.004808369438428439e+00 -8.656257623633138287e-04 -5.311226845053714993e-03 -9.191429769365365779e-03
4.006501529016269991e+00 4.038236204165726484e+00 2.990412368647688446e+00 -8.801167072297139344e-04 -4.784824774371210405e-03 -9.202328826697879494e-03
4.005125519360527520e+00 4.031124722988821851e+00 2.976028315637100796e+00 -8.777147766083136064e-04 -4.301513035974784648e-03 -9.176164100303805735e-03
4.003766307357680354e+00 4.024741415328606742e+00 2.961714521651094056e+00 -8.586766044050609965e-04 -3.854448017050219645e-03 -9.112558927673597431e-03
4.002449955827098727e+00 4.019034491649914109e+00 2.947530309329988718e+00 -8.229703087523572479e-04 -3.437307764275213551e-03 -9.010597711601993007e-03
4.002102628864996348e+00 4.017636718488950542e+00 2.943669050866456693e+00 -7.850042389619307087e-04 -3.034062354118291678e-03 -8.866127885674965348e-03
4.000921509467585402e+00 4.013200052537427176e+00 2.929931519165585918e+00 -7.238674141705770662e-04 -2.634701318398826979e-03 -8.686305285495635881e-03
3.999850438419430887e+00 4.009378613730553376e+00 2.916510288374425830e+00 -6.444031693500957853e-04 -2.247998165099624693e-03 -8.461990468519938954e-03
3.998918942027076984e+00 4.006156843248770194e+00 2.903477529915890809e+00 -5.455372242942515930e-04 -1.868517286216006068e-03 -8.189954499508645541e-03
3.998158478428477380e+00 4.003527602281426567e+00 2.890911007144146616e+00 -4.258756265103146943e-04 -1.490936244515389053e-03 -7.866281507652117533e-03
3.997602953316161223e+00 4.001492053040618835e+00 2.878895194742618902e+00 -2.836851103233319505e-04 -1.109971472627953445e-03 -7.486312303779996992e-03
3.997269858942452458e+00 4.000038972089449807e+00 2.867499994678667452e+00 -1.416866099528334654e-04 -7.467166521112252866e-04 -7.073325624622235110e-03
3.997140973794220731e+00 3.999124072864903123e+00 2.856759242370324525e+00 -2.279072733894432233e-05 -4.223227264068911131e-04 -6.650124934428413431e-03
3.997181268874084203e+00 3.998690314995712924e+00 2.846693693830280036e+00 7.445417449635961132e-05 -1.319492547174499521e-04 -6.210618314600954010e-03
3.997357771759962208e+00 3.998687843409523879e+00 2.837333824678611727e+00 1.512238389301811549e-04 1.287441448804188321e-04 -5.748478949222086791e-03
3.997388725295919265e+00 3.998733044869300368e+00 2.836344997272913560e+00 1.934607336583831036e-04 3.745705710708505608e-04 -5.262101898012628599e-03
3.997735168881210832e+00 3.999502099799725929e+00 2.828504763629479335e+00 2.493338798932589681e-04 6.080162442630326122e-04 -4.755358302935725444e-03
3.998155600513749075e+00 4.000623365554064392e+00 2.821448992270788825e+00 2.879849499333695132e-04 8.246007648172652780e-04 -4.259795069676541694e-03
3.998377261467764399e+00 4.001318584091112740e+00 2.818430026811850286e+00 3.036949061299175964e-04 1.030951598744834097e-03 -3.797904459107899651e-03
3.998878161545150967e+00 4.003087265166310083e+00 2.812820905223238910e+00 3.364270400175213972e-04 1.228871314095691383e-03 -3.368865669388553669e-03
3.999432796525783651e+00 4.005161005287695808e+00 2.807848212572644719e+00 3.723482986378542936e-04 1.420723446973651922e-03 -2.984739718455502264e-03
4.000046547999309254e+00 4.007532451637922044e+00 2.803445974628401949e+00 4.119581765478406662e-04 1.609248163996327124e-03 -2.639996151308723286e-03
4.000725630939407473e+00 4.010198500089147799e+00 2.799556430153975040e+00 4.558219626630888094e-04 1.797133806813585796e-03 -2.329671685697831153e-03
4.001477206832955602e+00 4.013160243976777508e+00 2.796129199339974836e+00 5.045837202091607186e-04 1.987055082302000442e-03 -2.049298360362261477e-03
4.002309515928275552e+00 4.016422982444836087e+00 2.793120559118406288e+00 5.589777350714625727e-04 2.181710987954021443e-03 -1.794838823454873939e-03
4.003232029101122968e+00 4.019996288364151127e+00 2.790492815429674867e+00 6.198421332138850243e-04 2.383863001317936599e-03 -1.562627167652152170e-03
4.004236075764874059e+00 4.023895167487398616e+00 2.788175262548952649e+00 6.631603115286397853e-04 2.597706505652374979e-03 -1.398508278313663694e-03
4.005273052139515677e+00 4.028137149050071031e+00 2.786045303448979826e+00 6.619230333332861349e-04 2.822272209169971076e-03 -1.322938745334422284e-03
4.006296658182098902e+00 4.032737408502018894e+00 2.783998263667094353e+00 6.460823434569447138e-04 3.055486977275040459e-03 -1.292562332489496793e-03
4.007309538788909720e+00 4.037712106009841762e+00 2.781976220011705969e+00 6.482264966125849412e-04 3.300680497097213499e-03 -1.291001214676036450e-03
4.008340052026903244e+00 4.043082654248635777e+00 2.779934136069738493e+00 6.686210167041248395e-04 3.561254067512201801e-03 -1.318167790483502086e-03
4.009417151420709757e+00 4.048875961440108640e+00 2.777826766334092756e+00 7.077613309763210051e-04 3.840827905857575799e-03 -1.374416820587521810e-03
4.009905321468740347e+00 4.051570215781696405e+00 2.776873507401407259e+00 7.366685104117661311e-04 4.130676770202355678e-03 -1.445998027378957596e-03
4.011109511429956420e+00 4.058271784515847358e+00 2.774535901483375699e+00 8.021108216890267999e-04 4.431874412757370527e-03 -1.540759168179719118e-03
4.012432655634279755e+00 4.065469259093283050e+00 2.772024735690279851e+00 8.886755978241768928e-04 4.764282468368684874e-03 -1.667755339724488490e-03
4.013908999877898509e+00 4.073215118689916814e+00 2.769288128202430865e+00 9.978766298907124771e-04 5.132531800600020379e-03 -1.828805839686903530e-03
4.015575438416136400e+00 4.081569486031415117e+00 2.766270963526197946e+00 1.131584374525096415e-03 5.541757486877398227e-03 -2.026223032976922581e-03
4.017452480231481715e+00 4.090579377914645320e+00 2.762935642130154079e+00 1.266976313147658148e-03 5.970094181095380453e-03 -2.235314423910172554e-03
4.019524775819881768e+00 4.100257956312500340e+00 2.759283083523563995e+00 1.381058844660565561e-03 6.396151040945206520e-03 -2.431556760954256720e-03
4.020112972862728284e+00 4.103009216862815833e+00 2.758232775278825155e+00 1.444103311957277034e-03 6.818061849887467087e-03 -2.613042628053695738e-03
4.022441241873904616e+00 4.114007488480148744e+00 2.754003145464650970e+00 1.530983263553753774e-03 7.234371523879644383e-03 -2.791151973177308666e-03
4.024891793949336716e+00 4.125670153815689467e+00 2.749498516780758184e+00 1.600354467707113286e-03 7.666968164858560530e-03 -2.964408462032064491e-03
4.027438116800826862e+00 4.138027685518677501e+00 2.744724534559497719e+00 1.653363559278381995e-03 8.122212024757805363e-03 -3.135304770565523497e-03
4.030055345181014381e+00 4.151120761385356239e+00 2.739682968778923922e+00 1.690968524349278565e-03 8.606782079332943314e-03 -3.306299759888058250e-03
4.032719978572263386e+00 4.165000839656618048e+00 2.734371739337642104e+00 1.713955348662059156e-03 9.127773627826192560e-03 -3.479853812295677969e-03
4.035413421762561903e+00 4.179697044260635153e+00 2.728803107575642706e+00 1.727779306414319082e-03 9.649551960890052557e-03 -3.635182497404744820e-03
4.038125268618861341e+00 4.195182693454773570e+00 2.723022074297954287e+00 1.737448294452682233e-03 1.013644918197578390e-02 -3.751239057531705924e-03
4.039250100162006696e+00 4.201956390021605259e+00 2.720544077720215892e+00 1.704187830979097401e-03 1.058827166497313885e-02 -3.830406081906665219e-03
4.041915939557521931e+00 4.218855881620790171e+00 2.714508938109113867e+00 1.702212407881468657e-03 1.100420244358858365e-02 -3.880686930227442762e-03
4.044574605426492830e+00 4.236394509647921858e+00 2.708423066188413664e+00 1.695012852140571078e-03 1.140489920407318503e-02 -3.895226712950984171e-03
4.047217766955942153e+00 4.254552979220982856e+00 2.702342245106835517e+00 1.682396716611056367e-03 1.179617703875783172e-02 -3.874233477155298710e-03
4.049836764474425976e+00 4.273320992827419396e+00 2.696322332893543283e+00 1.664136183297357848e-03 1.218371681199968519e-02 -3.817403501082292875e-03
4.052422551251181559e+00 4.292697104517328555e+00 2.690420067111329860e+00 1.639964492266830862e-03 1.257314732102829749e-02 -3.723916727079457697e-03
4.054965630065812121e+00 4.312688702136219021e+00 2.684693882636229212e+00 1.609572830600857494e-03 1.297012673091395285e-02 -3.592424557040901998e-03
4.057455985835039414e+00 4.333312117375893280e+00 2.679204754940907041e+00 1.572608405828905065e-03 1.338042445203859072e-02 -3.421029470807949394e-03
4.059881969563127413e+00 4.354569077266393862e+00 2.673996499340767663e+00 1.527317806370955293e-03 1.377961156468760807e-02 -3.233554507624281180e-03
4.062228952579507002e+00 4.376422956607961545e+00 2.669075835939093366e+00 1.471647222521809762e-03 1.414311454618939236e-02 -3.053573150849839962e-03
4.064480085149408950e+00 4.398822061181733467e+00 2.664433169661601042e+00 1.404830974052750491e-03 1.447625244881796738e-02 -2.878357806337553376e-03
4.066620152389261555e+00 4.421722677558573622e+00 2.660064547718921535e+00 1.329723319270540230e-03 1.478390104778740458e-02 -2.703426925349969919e-03
4.067882766228449576e+00 4.436506776382049821e+00 2.657476727620036172e+00 1.218376119400908612e-03 1.505092178045953910e-02 -2.518875376401275880e-03
4.069719741903627508e+00 4.460243690560507623e+00 2.653684776466099571e+00 1.128868250964653675e-03 1.527777789217672245e-02 -2.326097553749866768e-03
4.071410283064639479e+00 4.484324923460642154e+00 2.650202457611804174e+00 1.031268186154917334e-03 1.549086262953539711e-02 -2.123258436952206885e-03
4.072941530221012130e+00 4.508731369913571818e+00 2.647048283302162019e+00 9.253316628708534164e-04 1.569330822554236907e-02 -1.906827533783104567e-03
4.074303868320866329e+00 4.533448699836398532e+00 2.644248247568516952e+00 8.154482623834205220e-04 1.588808072551875158e-02 -1.670775864109745558e-03
4.075498622846202679e+00 4.558457011200321318e+00 2.641815818524333892e+00 7.111991101847219476e-04 1.606509162178942560e-02 -1.437136763231998534e-03
4.076203477143938159e+00 4.575952779233798395e+00 2.640373264465436076e+00 5.884908551435526474e-04 1.619425571331232008e-02 -1.222693354533505809e-03
4.077054108864926363e+00 4.601365732750497095e+00 2.638612048914129371e+00 4.984120110043781249e-04 1.627591902664188989e-02 -1.027610334474653685e-03
4.077769812845868813e+00 4.626886781476279076e+00 2.637140244542354406e+00 4.160781019370677920e-04 1.633236415556395607e-02 -8.529129239345976075e-04
4.078362193567435234e+00 4.652477044904721026e+00 2.635928179791000137e+00 3.408267765906146428e-04 1.636435027007340087e-02 -6.957412310133248351e-04
4.078841784203703469e+00 4.678098558831833564e+00 2.634950404827440806e+00 2.719513636702176776e-04 1.637228898661371654e-02 -5.535610510870091292e-04
4.079217978424780178e+00 4.703713736241428300e+00 2.634185215715787454e+00 2.087023798501775251e-04 1.635625064773101739e-02 -4.241204595403630091e-04
4.079498991766092431e+00 4.729284834054591435e+00 2.633614256817436328e+00 1.503237960804237807e-04 1.631596551362475903e-02 -3.053932642497697385e-04
4.079691868146474221e+00 4.754773417733985319e+00 2.633222203546776718e+00 9.607445479533691774e-05 1.625081983884059389e-02 -1.955328833750104268e-04
4.079802509969058022e+00 4.780139815774649747e+00 2.632996510396070633e+00 4.523678134356177603e-05 1.615984688136083702e-02 -9.283507319971967032e-05
4.079835716331825957e+00 4.805342556106883656e+00 2.632927212911532422e+00 -2.881568862183597768e-06 1.604171278693700825e-02 4.293733112328208235e-06
4.079795221130879668e+00 4.830337776261178995e+00 2.633006776581996000e+00 -4.894949782781829077e-05 1.589469718264458972e-02 9.736470444925612844e-05
4.079683727403515370e+00 4.855078598808682422e+00 2.633229988528247301e+00 -9.361548530271654196e-05 1.571666821664584324e-02 1.878330191953495900e-04
4.079502937210089719e+00 4.879514463106086275e+00 2.633593889991697523e+00 -1.375102721821845359e-04 1.550505168841342755e-02 2.771235870702617576e-04
4.079253578395627855e+00 4.903590403742721371e+00 2.634097749289533663e+00 -1.812481677649658294e-04 1.525679381908085115e-02 3.666570312764594461e-04
4.078935431040728865e+00 4.927246265302494876e+00 2.634743076239101534e+00 -2.254261437255127801e-04 1.496831710924338352e-02 4.578766915559508155e-04
4.078547358812492085e+00 4.950415842104775699e+00 2.635533680816755542e+00 -2.706184840352117904e-04 1.463546862405862813e-02 5.522781394758441908e-04
4.078087352251854369e+00 4.973025930462024569e+00 2.636475780390013401e+00 -3.173668890164020226e-04 1.425345992804040625e-02 6.514417252180359054e-04
4.077552583512671802e+00 4.994995279698489554e+00 2.637578156884124780e+00 -3.661757450455384441e-04 1.381679780049097084e-02 7.570638319441525509e-04
4.076939437674838906e+00 5.016233426819856511e+00 2.638852349168621103e+00 -4.175467924011996997e-04 1.331920488515444222e-02 8.709706219762568388e-04
4.076243416156348331e+00 5.036639398538672374e+00 2.640312832792016007e+00 -4.721078832727742961e-04 1.275352961890088149e-02 9.950881253604421713e-04
4.075840658906180636e+00 5.046290740847819478e+00 2.641137399294911869e+00 -5.656098544227366760e-04 1.210879706789814297e-02 1.129032664447136717e-03
4.074907638593299630e+00 5.064672541591245469e+00 2.643014306598241880e+00 -6.269599883736163073e-04 1.137765925279862755e-02 1.269090282784594414e-03
4.073873322452408630e+00 5.081834758039354583e+00 2.645123400241499834e+00 -6.950945678380937619e-04 1.055053892475017914e-02 1.425696963651850325e-03
4.072726543557303458e+00 5.097670370632644499e+00 2.647478957090841245e+00 -7.706787607826352500e-04 9.682662674768000022e-03 1.583996122358563878e-03
4.071462066189251772e+00 5.112158333699708734e+00 2.650075268191668165e+00 -8.454694663363627061e-04 8.828647237384353724e-03 1.733308476541553858e-03
4.070255012434456532e+00 5.123679938438007397e+00 2.652554544505312695e+00 -9.148374486744008513e-04 7.969496713283251432e-03 1.881391012297302769e-03
4.068788556814614488e+00 5.135469083773457122e+00 2.655617405242661988e+00 -9.593920146712701588e-04 7.093516408043471638e-03 2.032023680789453446e-03
4.067267732461306018e+00 5.145868456401204050e+00 2.658922357855633134e+00 -9.843190138421422687e-04 6.193772684530513169e-03 2.190711606466102298e-03
4.065722937776953927e+00 5.154830596505939333e+00 2.662483860006621406e+00 -9.900415774519331566e-04 5.257153254353100734e-03 2.359816818537687540e-03
4.064183946525310454e+00 5.162287105776966811e+00 2.666320134062029723e+00 -9.769350001985191087e-04 4.270017270274404503e-03 2.541787447065764829e-03
4.062680063343573345e+00 5.168147665591137141e+00 2.670453372478807097e+00 -9.452238366988695035e-04 3.217997913459989291e-03 2.739247943476912257e-03
4.061240362550788241e+00 5.172298737678405978e+00 2.674910048267775231e+00 -8.949783839298809923e-04 2.085794175463276910e-03 2.955043116573946756e-03
4.059880740415611200e+00 5.174670800782196878e+00 2.679700053424321826e+00 -8.429125882793772747e-04 9.449578086747048491e-04 3.165142607512337440e-03
4.058591446459532293e+00 5.175306348096704312e+00 2.684795600307290808e+00 -8.050813582414056415e-04 -1.329425302997279737e-04 3.345433533921600162e-03
4.057352802952495452e+00 5.174326486943067849e+00 2.690153262936747058e+00 -7.781400771902436449e-04 -1.119042181613019542e-03 3.500047685331806983e-03
4.056150455946244016e+00 5.171898520876755612e+00 2.695735793482789244e+00 -7.586303664081913778e-04 -1.983180966965392058e-03 3.632747089526891082e-03
4.054973665142883377e+00 5.168203647845059479e+00 2.701510383711637875e+00 -7.454195927033332308e-04 -2.737764777527519535e-03 3.745442187105004102e-03
4.053813324345200364e+00 5.163404876573544300e+00 2.707446990409777765e+00 -7.375515322765749480e-04 -3.393627974254088183e-03 3.839755401630568898e-03
4.053543460071040272e+00 5.162058274449875306e+00 2.708862685782441826e+00 -7.422653623150385219e-04 -3.990118219531888291e-03 3.922846431843349073e-03
4.052383857469301631e+00 5.155388663092522528e+00 2.715053315877071771e+00 -7.396923226106594512e-04 -4.531642824158443536e-03 3.986916645649301455e-03
4.051225282507648018e+00 5.147928477186911600e+00 2.721332570271432161e+00 -7.409075367034661337e-04 -5.000232640579956554e-03 4.036081628109059946e-03
4.050062195158504963e+00 5.139786616584033574e+00 2.727677671597892317e+00 -7.454171276452669238e-04 -5.402616257490003120e-03 4.071049217670425283e-03
4.048889754816412889e+00 5.131062193093000268e+00 2.734066790518428380e+00 -7.528207359971138051e-04 -5.744571205488769629e-03 4.092322872547075191e-03
4.047703683712596145e+00 5.121845954511910826e+00 2.740478731480485486e+00 -7.627990508698444553e-04 -6.031006597333976767e-03 4.100208921710009682e-03
4.046500148484654780e+00 5.112221589030577995e+00 2.746892627601245529e+00 -7.751030744446806399e-04 -6.266033335432090803e-03 4.094820977244243744e-03
4.045275657378857304e+00 5.102266928683616420e+00 2.753287640286922411e+00 -7.895448766346589492e-04 -6.453022886751012127e-03 4.076081571939069517e-03
4.044026970921039243e+00 5.092055069094409525e+00 2.759642659262338871e+00 -8.059896250744700598e-04 -6.594655462220851486e-03 4.043721045910376316e-03
4.042751024209355393e+00 5.081655421558591179e+00 2.765935998692227837e+00 -8.243486997880796179e-04 -6.692958286447543356e-03 3.997273666379750831e-03
4.041444859264636591e+00 5.071134712552871626e+00 2.772145085019646515e+00 -8.445737221570099110e-04 -6.749334502044534480e-03 3.936070924856580923e-03
4.040105566127617287e+00 5.060557945007768232e+00 2.778246132027794246e+00 -8.666513445790122085e-04 -6.764583119078577955e-03 3.859231915310811379e-03
4.038730231622040812e+00 5.049989335140415925e+00 2.784213798447715771e+00 -8.905986607733107829e-04 -6.738910292122118027e-03 3.765650654886888802e-03
4.037315894913526826e+00 5.039493238298493161e+00 2.790020823183184451e+00 -9.164591072943404065e-04 -6.671932083384561618e-03 3.653980164686187679e-03
4.035859509190515837e+00 5.029135077113582319e+00 2.795637632901945224e+00 -9.442987346416798367e-04 -6.562668748591132459e-03 3.522613081499634691e-03
4.034357908979823826e+00 5.018982285299837365e+00 2.801031916344755235e+00 -9.742027315254972626e-04 -6.409530460955233273e-03 3.369658521431592550e-03
4.032807782789575413e+00 5.009105280662248028e+00 2.806168159224617487e+00 -1.006272088437883431e-03 -6.210294266018771131e-03 3.192914862400517140e-03
4.031205650950352215e+00 4.999578481301478305e+00 2.811007133021357962e+00 -1.040620286713850925e-03 -5.962071934566649106e-03 2.989838053754352836e-03
4.029547848705520963e+00 4.990481379625166802e+00 2.815505330313068821e+00 -1.077369896714068997e-03 -5.661268250465515198e-03 2.757504996853088822e-03
4.027830514787870797e+00 4.981899689607814707e+00 2.819614338516402530e+00 -1.116648963546005603e-03 -5.303529133273144659e-03 2.492571469520466192e-03
4.026049585916179119e+00 4.973926583794763268e+00 2.823280143021147381e+00 -1.158587050729676304e-03 -4.883678849858604301e-03 2.191223988730268621e-03
4.024200797856743783e+00 4.966664037835427870e+00 2.826442349688240263e+00 -1.203310801221897175e-03 -4.395645412987074334e-03 1.849124918639641520e-03
4.023961976683167130e+00 4.965862062292571544e+00 2.826766086825799551e+00 -1.257383758993464587e-03 -3.867642455349847366e-03 1.486555959859118268e-03
4.021958494744913182e+00 4.960264656274787853e+00 2.828780747521592698e+00 -1.302107903134507765e-03 -3.284133245027857657e-03 1.087574385787407234e-03
4.019882168063072747e+00 4.955652051135550629e+00 2.830126548203402592e+00 -1.350401464652521092e-03 -2.609360618173952803e-03 6.319540596095299867e-04
4.017742776711092922e+00 4.952144167309595169e+00 2.830739395379415324e+00 -1.382647614042724739e-03 -1.872641173829072206e-03 1.510802827549639438e-04
4.015580784148849780e+00 4.949815602740049947e+00 2.830604038901111341e+00 -1.379258553093716403e-03 -1.102566822468370672e-03 -3.240251458820520188e-04
4.014843762122345616e+00 4.949436976231717189e+00 2.830303738555585813e+00 -1.364049849194334200e-03 -3.068280673919827656e-04 -7.938067698402870949e-04
4.012756327313709015e+00 4.949582808009044044e+00 2.828707285586543829e+00 -1.302575475121344872e-03 4.931194961385866821e-04 -1.245979900734052155e-03
4.010799261899333779e+00 4.950971452795743133e+00 2.826434231579261436e+00 -1.197484151081743432e-03 1.281086764443510303e-03 -1.658299370538075064e-03
4.009041984778201062e+00 4.953592792992321137e+00 2.823542314966924760e+00 -1.047306427311488729e-03 2.068106172814217908e-03 -2.036700151931736084e-03
4.007556787735683912e+00 4.957453959324786830e+00 2.820080366217609491e+00 -8.498410814663749299e-04 2.865183014192287849e-03 -2.386628972070933309e-03
4.006420005980446675e+00 4.962579408234114808e+00 2.816089010732675479e+00 -6.021229739523727099e-04 3.683448584608660283e-03 -2.713122710922642039e-03
4.005690548666732020e+00 4.968980826022447062e+00 2.811610890550850783e+00 -3.294062165166574373e-04 4.495472524494693693e-03 -3.008567832581102771e-03
4.005387881977880760e+00 4.976627064224453889e+00 2.806700915089365811e+00 -5.683292629116018312e-05 5.273955161277812595e-03 -3.264903853335598787e-03
4.005486233574625743e+00 4.983874879115967715e+00 2.802371930063120242e+00 2.105461908294922768e-04 6.025591608990114693e-03 -3.484184388892478963e-03
4.006036765231285379e+00 4.993882586692383718e+00 2.796771283272493136e+00 4.933203228604941988e-04 6.761078178329436514e-03 -3.671757497056831777e-03
4.007038763116288038e+00 5.005040784583091984e+00 2.790900163821110169e+00 7.873842659184910253e-04 7.495565635356537387e-03 -3.829767089330465748e-03
4.008513241237571023e+00 5.017356120050383339e+00 2.784803068103482104e+00 1.097014453382008257e-03 8.239542781436336519e-03 -3.960487190127179140e-03
4.010456015997920787e+00 5.030810814332879133e+00 2.778521553470425953e+00 1.385707408892265227e-03 8.951336749740062410e-03 -4.065398988789887223e-03
4.012079971628778274e+00 5.040879418364595743e+00 2.774064412289542148e+00 1.604630160674965856e-03 9.587120375545692824e-03 -4.141193024075383658e-03
4.014739060577537266e+00 5.056329278995155718e+00 2.767541882191109082e+00 1.793237179582208955e-03 1.015304380074396814e-02 -4.192638420508816403e-03
4.017651746631634602e+00 5.072621164565993546e+00 2.760956725099821263e+00 1.928616964584091821e-03 1.066300796839341099e-02 -4.221211482320645116e-03
4.020735951258389562e+00 5.089673536932651565e+00 2.754344427774366277e+00 2.012356942723587862e-03 1.112474916743852286e-02 -4.227315475808574551e-03
4.023911579018088602e+00 5.107416416053738750e+00 2.747740117807443649e+00 2.045403053346230970e-03 1.154529928618674463e-02 -4.211006040767718839e-03
4.027104393696005147e+00 5.125790348487051062e+00 2.741181479879863048e+00 2.034295313317599930e-03 1.193107283057380681e-02 -4.168960347987882634e-03
4.030257284661474593e+00 5.144745469084339717e+00 2.734715269268751303e+00 1.994374717027810971e-03 1.228790084649459928e-02 -4.092911733083605397e-03
4.033332465476044071e+00 5.164240633899829014e+00 2.728399423940844670e+00 1.934990486236863854e-03 1.262109904575872688e-02 -3.976838746946462048e-03
4.036299686454618119e+00 5.184242725229106341e+00 2.722298395162105589e+00 1.856422886007137165e-03 1.293561241330427880e-02 -3.818440801519541045e-03
4.039129541927882094e+00 5.204726152586508725e+00 2.716481001498878722e+00 1.759469883201181728e-03 1.323611317017739201e-02 -3.614438388685571341e-03
4.041801606564645155e+00 5.225659958599352173e+00 2.710997836210417677e+00 1.654797737096235129e-03 1.351106576335097363e-02 -3.391397476727033271e-03
4.044311854005761653e+00 5.246994771425594450e+00 2.705858061108543655e+00 1.552692884832670289e-03 1.374847781990619182e-02 -3.175689024319853192e-03
4.046664180285033829e+00 5.268674492007543009e+00 2.701053232062153420e+00 1.453000794587036657e-03 1.395175276697386071e-02 -2.963437171860127881e-03
4.048861398111966992e+00 5.290647967412823505e+00 2.696580501033878363e+00 1.354491535124434116e-03 1.412380750023634578e-02 -2.751367654500467066e-03
4.050904230936498429e+00 5.312868265968432979e+00 2.692442049163787932e+00 1.255725318965602915e-03 1.426711875416411361e-02 -2.536328961134003135e-03
4.052791081805434459e+00 5.335292017086018745e+00 2.688644986629742384e+00 1.155176905175838093e-03 1.438375984306063983e-02 -2.315174775258974343e-03
4.052916914724834285e+00 5.336993543757292180e+00 2.688385725449198738e+00 9.796343316856334464e-04 1.448333979741713018e-02 -2.083296515375289426e-03
4.054367117183293345e+00 5.359724495277120582e+00 2.685308790364387743e+00 8.733374077452237243e-04 1.456005214876176547e-02 -1.848100960108492582e-03
4.055644984726638036e+00 5.382558013355907001e+00 2.682612612496946713e+00 7.594281563215928574e-04 1.461439372096257246e-02 -1.596803325924369462e-03
4.056737296823953898e+00 5.405459741602590462e+00 2.680325280883303574e+00 6.362398709839387585e-04 1.464720995072001965e-02 -1.325718431476710733e-03
4.057628458438980346e+00 5.428396413171963530e+00 2.678481039093701277e+00 5.024051674999278124e-04 1.465904732969051938e-02 -1.030667815218768010e-03
4.058307013881768732e+00 5.451330633706056972e+00 2.677103552198526693e+00 3.645763609691741753e-04 1.464408071790719405e-02 -7.293460794303223112e-04
4.058635538195023429e+00 5.468120943409737755e+00 2.676434115368111488e+00 2.072078464285261967e-04 1.458034824859583307e-02 -4.358413975673775280e-04
4.058853275073665223e+00 5.490854481587157387e+00 2.675976630186447824e+00 7.092467575072152039e-05 1.446636709159745612e-02 -1.486870499591555408e-04
4.058856859355779889e+00 5.513381714418429169e+00 2.675966817509627393e+00 -6.643695537030020360e-05 1.431675266221919297e-02 1.361494007021881597e-04
4.058643579257540601e+00 5.535645186085290881e+00 2.676404617696452437e+00 -2.061862911483034312e-04 1.412936103616584289e-02 4.232275447997856663e-04
4.058208577936838424e+00 5.557583666472788231e+00 2.677297106717981379e+00 -3.497551580889434538e-04 1.390151379583583202e-02 7.171049579740730985e-04
4.057544662604123609e+00 5.579131285030169529e+00 2.678658554247695278e+00 -4.986967227573270477e-04 1.362996035062940571e-02 1.022415452366020987e-03
4.056642162374527238e+00 5.600216599024374631e+00 2.680510628663511863e+00 -6.546244624643632716e-04 1.331083175334423635e-02 1.343978534524449238e-03
4.055488878782602669e+00 5.620761582174691462e+00 2.682882774553603245e+00 -8.191548052456376367e-04 1.293958515708828680e-02 1.686910355468483440e-03
4.054070021917548061e+00 5.640680518675970312e+00 2.685812716703146474e+00 -9.939828685782187059e-04 1.251093855514766144e-02 2.056674365212161817e-03
4.053032312929421899e+00 5.652250814004341706e+00 2.687939419862058976e+00 -1.205373863571048039e-03 1.200955014487456278e-02 2.450352241150332601e-03
4.050993699961641603e+00 5.670596989423213330e+00 2.692102820684771913e+00 -1.399718387776673284e-03 1.143146942275110808e-02 2.869221631122017852e-03
4.048644358970046930e+00 5.687998907138987370e+00 2.696932876358196562e+00 -1.602422168275674259e-03 1.080307763358992826e-02 3.302136606067335427e-03
4.046471749754496194e+00 5.701308780147838817e+00 2.701398815369549844e+00 -1.815630177944781024e-03 1.013470023484935520e-02 3.723200624935677286e-03
4.043472872912723837e+00 5.716612558692998114e+00 2.707550828342172977e+00 -2.016476356333803729e-03 9.419054195743032515e-03 4.137221386924348418e-03
4.040158965621344578e+00 5.730756450943522928e+00 2.714354988066641550e+00 -2.218175929858927017e-03 8.652714556721424755e-03 4.556448003635594698e-03
4.036536898019313924e+00 5.743684166399804170e+00 2.721801505359874529e+00 -2.410226028839179430e-03 7.865139718632712523e-03 4.957961134299825913e-03
4.032628517499333931e+00 5.755385222547186430e+00 2.729843649135838657e+00 -2.583993313905661154e-03 7.085401271203136189e-03 5.317479480087279782e-03
4.029233945368247305e+00 5.763901863475513920e+00 2.736818090930068337e+00 -2.749117181417929431e-03 6.293920678036931012e-03 5.639036126120032001e-03
4.024821951258134689e+00 5.773118944061004676e+00 2.745869012191771930e+00 -2.888588832977337373e-03 5.482824771565423388e-03 5.925318667944386164e-03
4.020202282986827136e+00 5.781045379260454808e+00 2.755347040568342898e+00 -3.014479100510391273e-03 4.644855298666663267e-03 6.184750542209282824e-03
4.015396287633163475e+00 5.787629571899746139e+00 2.765213893892174646e+00 -3.126683057998591499e-03 3.767833641326193920e-03 6.422119989366434703e-03
4.010427854786830615e+00 5.792840357769959425e+00 2.775426120594212342e+00 -3.222026060863369262e-03 2.890043722143791072e-03 6.626033828906314170e-03
4.005325676225475640e+00 5.796706470641105113e+00 2.785921753138439705e+00 -3.297547017224180047e-03 2.049733370738279683e-03 6.784227405288320578e-03
4.001775945699305836e+00 5.798452251601188046e+00 2.793215245093771504e+00 -3.361651966087734339e-03 1.225160586481114419e-03 6.897451160697324994e-03
3.996488794338764361e+00 5.799733643735752509e+00 2.804063791570837072e+00 -3.394244238307403145e-03 4.120935973848548401e-04 6.963727920764472765e-03
3.991166274876682518e+00 5.799743357075403338e+00 2.814984986003338463e+00 -3.406841014444653669e-03 -3.996751285077565171e-04 6.990273394747705850e-03
3.985840912359043919e+00 5.798474147223268815e+00 2.825917611829514176e+00 -3.397883297162864608e-03 -1.221999238070529958e-03 6.978333803239586582e-03
3.980541856256889055e+00 5.795938971746139146e+00 2.836806341736962445e+00 -3.373212631892627197e-03 -2.017208497748979989e-03 6.934187614804000754e-03
3.975289564646853346e+00 5.792210100381757876e+00 2.847605317936824143e+00 -3.338092201654128694e-03 -2.747190362000179881e-03 6.863655563466317631e-03
3.973855678480760822e+00 5.790872829546206191e+00 2.850549914153183373e+00 -3.301500455266369490e-03 -3.444921655879930322e-03 6.771017739084570289e-03
3.968735481473486537e+00 5.784965532755116158e+00 2.861051140877316712e+00 -3.240982761829931929e-03 -4.102866005446843649e-03 6.646391174263062071e-03
3.963727903455329660e+00 5.778055638794018734e+00 2.871337061193341533e+00 -3.157585685758242805e-03 -4.725953670269143758e-03 6.495920915147010768e-03
3.958878341978814053e+00 5.770190517322865809e+00 2.881369646721149369e+00 -3.039069160613420278e-03 -5.323381346371945308e-03 6.322705519741561933e-03
3.954216988392196264e+00 5.761433633849947000e+00 2.891122193004570295e+00 -2.917078277778747085e-03 -5.865359717588169985e-03 6.138114998521226710e-03
3.949721535044009357e+00 5.751895937370111511e+00 2.900584098688100632e+00 -2.827045279708370867e-03 -6.321006143713129612e-03 5.951354259741368016e-03
3.945343505930554606e+00 5.741707594135599280e+00 2.909749876638826560e+00 -2.766996120169766798e-03 -6.696672365176310933e-03 5.759752833224389586e-03
3.941053960005227008e+00 5.730984581367594366e+00 2.918612056856062953e+00 -2.713948359633452673e-03 -7.004148867220854127e-03 5.563447680594944995e-03
3.936859763896459086e+00 5.719825041566031665e+00 2.927163327825391015e+00 -2.645132460696503207e-03 -7.254432449198788303e-03 5.362504338004064550e-03
3.934541423697635487e+00 5.713271439147115771e+00 2.931847230550955086e+00 -2.557921804772797774e-03 -7.453656421402616271e-03 5.149440688051973823e-03
3.930620502078589151e+00 5.701492318868522702e+00 2.939724808024356761e+00 -2.451930069306165142e-03 -7.596585434622675839e-03 4.915733694317847395e-03
3.926881749291234236e+00 5.689527232358070563e+00 2.947225654314590049e+00 -2.325134936824167255e-03 -7.691278174141026429e-03 4.668091559253683374e-03
3.923359463440229788e+00 5.677450490660844729e+00 2.954325179619022634e+00 -2.175321429059117254e-03 -7.739261358954255092e-03 4.402966194534255369e-03
3.920076434008188393e+00 5.665338662094987932e+00 2.961003008276608117e+00 -2.019405442934509541e-03 -7.736112399778346561e-03 4.129290093789028497e-03
3.917029622048905591e+00 5.653275929064239591e+00 2.967252917777223331e+00 -1.873471539171937600e-03 -7.676525882865989532e-03 3.856214232905863168e-03
3.914512072077507732e+00 5.642605072311755343e+00 2.972464478529495580e+00 -1.720749368683626747e-03 -7.558244495634791442e-03 3.584282588894312054e-03
3.911955295511999164e+00 5.630914980992320906e+00 2.977863980204852989e+00 -1.545935124619809281e-03 -7.378287381635768860e-03 3.314656345552794304e-03
3.909680046812094023e+00 5.619538556816988439e+00 2.982851115159006916e+00 -1.361015936255054312e-03 -7.157478333430595738e-03 3.057401961897233695e-03
3.909325957669301577e+00 5.617573635421286404e+00 2.983670663073399343e+00 -1.175829579924221472e-03 -6.920220072855490234e-03 2.814248507659506109e-03
3.907632024067803300e+00 5.606948648187014328e+00 2.987885533428317864e+00 -9.883477908961357892e-04 -6.655436571450691272e-03 2.571087944387383945e-03
3.906234389523214556e+00 5.596762151851941702e+00 2.991729155410508323e+00 -7.972292298958289294e-04 -6.359962680440746537e-03 2.339904761337638622e-03
3.905124159879288293e+00 5.587044001567770479e+00 2.995225576507891230e+00 -6.211257778467347635e-04 -6.057021805771017724e-03 2.127469653980120379e-03
3.904418230582177518e+00 5.579440748417340501e+00 2.997840591815490452e+00 -4.761176099483297678e-04 -5.762570738529713792e-03 1.937661077374114088e-03
3.903764602605367617e+00 5.570648434008075078e+00 3.000738847432619760e+00 -3.588444097832435608e-04 -5.471437518611272852e-03 1.765437786405284768e-03
3.903270808311738005e+00 5.562306635105509933e+00 3.003383627623852359e+00 -2.719020804699914828e-04 -5.186928641637637491e-03 1.613795730203029452e-03
3.902890357715467662e+00 5.554408363657296732e+00 3.005805444835401019e+00 -2.140265112922558213e-04 -4.904724829732086053e-03 1.480558167142302260e-03
3.902578570613104425e+00 5.546953359956526164e+00 3.008031629553759689e+00 -1.841694784467507015e-04 -4.620548424161495353e-03 1.363836251485097718e-03
3.902303574020630883e+00 5.539948050161391357e+00 3.010088276771847315e+00 -1.670154265109984341e-04 -4.330143322265753852e-03 1.263940239823426164e-03
3.902055658998864196e+00 5.533376966002099273e+00 3.012002400882903608e+00 -1.495833122277143124e-04 -4.065738693338701720e-03 1.181734592615131920e-03
3.901834057967871860e+00 5.527173865371550754e+00 3.013801073588807000e+00 -1.334300481233092399e-04 -3.859970145674284162e-03 1.116428072601842328e-03
3.901637034184250563e+00 5.521249292280155707e+00 3.015510067031634378e+00 -1.182151448029698728e-04 -3.709863604020192680e-03 1.067151470533567528e-03
3.901463104065904908e+00 5.515517817118557709e+00 3.017153935244908602e+00 -1.039561209031089411e-04 -3.613248419446140475e-03 1.033217619343499566e-03
3.901310687285303835e+00 5.509896804875158871e+00 3.018756320201874122e+00 -9.075954291913578551e-05 -3.568724529861946968e-03 1.014148347414475099e-03
3.901229007150811334e+00 5.506550427195613828e+00 3.019705477174953412e+00 -8.322232610316204900e-05 -3.559332713153673389e-03 1.007632383590654958e-03
